# x	y	u	v	flags	mask
1.6000e+01	1.6000e+01	9.4856e-01	-7.9113e-01	0.0000e+00	0.0000e+00
3.2000e+01	1.6000e+01	9.5931e-01	-7.7001e-01	0.0000e+00	0.0000e+00
4.8000e+01	1.6000e+01	1.0341e+00	-7.5446e-01	0.0000e+00	0.0000e+00
6.4000e+01	1.6000e+01	1.0779e+00	-7.1706e-01	0.0000e+00	0.0000e+00
8.0000e+01	1.6000e+01	1.1316e+00	-6.2021e-01	0.0000e+00	0.0000e+00
9.6000e+01	1.6000e+01	1.2774e+00	-5.3473e-01	0.0000e+00	0.0000e+00
1.1200e+02	1.6000e+01	1.2502e+00	-4.5673e-01	0.0000e+00	0.0000e+00
1.2800e+02	1.6000e+01	1.3066e+00	-3.7180e-01	0.0000e+00	0.0000e+00
1.4400e+02	1.6000e+01	1.3495e+00	-3.0754e-01	0.0000e+00	0.0000e+00
1.6000e+02	1.6000e+01	1.3156e+00	-2.0845e-01	0.0000e+00	0.0000e+00
1.7600e+02	1.6000e+01	1.3450e+00	-8.0323e-02	0.0000e+00	0.0000e+00
1.9200e+02	1.6000e+01	1.3074e+00	-1.1960e-02	0.0000e+00	0.0000e+00
2.0800e+02	1.6000e+01	1.3120e+00	6.8445e-02	0.0000e+00	0.0000e+00
2.2400e+02	1.6000e+01	1.3086e+00	1.7913e-01	0.0000e+00	0.0000e+00
2.4000e+02	1.6000e+01	1.2036e+00	2.4063e-01	0.0000e+00	0.0000e+00
2.5600e+02	1.6000e+01	1.1140e+00	3.2414e-01	0.0000e+00	0.0000e+00
2.7200e+02	1.6000e+01	1.0343e+00	3.8688e-01	0.0000e+00	0.0000e+00
2.8800e+02	1.6000e+01	1.0155e+00	4.9067e-01	0.0000e+00	0.0000e+00
3.0400e+02	1.6000e+01	9.8139e-01	5.8194e-01	0.0000e+00	0.0000e+00
3.2000e+02	1.6000e+01	8.7841e-01	5.8135e-01	0.0000e+00	0.0000e+00
3.3600e+02	1.6000e+01	8.8384e-01	6.4233e-01	0.0000e+00	0.0000e+00
3.5200e+02	1.6000e+01	7.8892e-01	7.1116e-01	0.0000e+00	0.0000e+00
3.6800e+02	1.6000e+01	7.4871e-01	7.1035e-01	0.0000e+00	0.0000e+00
3.8400e+02	1.6000e+01	6.7922e-01	6.7143e-01	0.0000e+00	0.0000e+00
4.0000e+02	1.6000e+01	6.3482e-01	7.2530e-01	0.0000e+00	0.0000e+00
4.1600e+02	1.6000e+01	5.6790e-01	6.9057e-01	0.0000e+00	0.0000e+00
4.3200e+02	1.6000e+01	4.6946e-01	7.3544e-01	0.0000e+00	0.0000e+00
4.4800e+02	1.6000e+01	4.6757e-01	7.0202e-01	0.0000e+00	0.0000e+00
4.6400e+02	1.6000e+01	4.2393e-01	7.0328e-01	0.0000e+00	0.0000e+00
4.8000e+02	1.6000e+01	3.3898e-01	7.1881e-01	0.0000e+00	0.0000e+00
4.9600e+02	1.6000e+01	3.4824e-01	7.0913e-01	0.0000e+00	0.0000e+00
1.6000e+01	3.2000e+01	9.5368e-01	-8.2585e-01	0.0000e+00	0.0000e+00
3.2000e+01	3.2000e+01	9.8703e-01	-8.1048e-01	0.0000e+00	0.0000e+00
4.8000e+01	3.2000e+01	1.0401e+00	-8.0561e-01	0.0000e+00	0.0000e+00
6.4000e+01	3.2000e+01	1.1014e+00	-7.9733e-01	0.0000e+00	0.0000e+00
8.0000e+01	3.2000e+01	1.1523e+00	-7.3263e-01	0.0000e+00	0.0000e+00
9.6000e+01	3.2000e+01	1.3265e+00	-6.3824e-01	0.0000e+00	0.0000e+00
1.1200e+02	3.2000e+01	1.3954e+00	-5.3899e-01	0.0000e+00	0.0000e+00
1.2800e+02	3.2000e+01	1.4456e+00	-4.3157e-01	0.0000e+00	0.0000e+00
1.4400e+02	3.2000e+01	1.4829e+00	-3.0775e-01	0.0000e+00	0.0000e+00
1.6000e+02	3.2000e+01	1.4344e+00	-2.1462e-01	0.0000e+00	0.0000e+00
1.7600e+02	3.2000e+01	1.4904e+00	-1.2219e-01	0.0000e+00	0.0000e+00
1.9200e+02	3.2000e+01	1.4633e+00	5.1950e-04	0.0000e+00	0.0000e+00
2.0800e+02	3.2000e+01	1.4421e+00	1.0312e-01	0.0000e+00	0.0000e+00
2.2400e+02	3.2000e+01	1.3925e+00	2.1104e-01	0.0000e+00	0.0000e+00
2.4000e+02	3.2000e+01	1.3467e+00	2.8893e-01	0.0000e+00	0.0000e+00
2.5600e+02	3.2000e+01	1.2149e+00	3.5644e-01	0.0000e+00	0.0000e+00
2.7200e+02	3.2000e+01	1.1131e+00	4.2316e-01	0.0000e+00	0.0000e+00
2.8800e+02	3.2000e+01	1.0910e+00	5.7698e-01	0.0000e+00	0.0000e+00
3.0400e+02	3.2000e+01	9.9527e-01	6.4671e-01	0.0000e+00	0.0000e+00
3.2000e+02	3.2000e+01	9.3728e-01	6.1710e-01	0.0000e+00	0.0000e+00
3.3600e+02	3.2000e+01	8.8641e-01	6.7205e-01	0.0000e+00	0.0000e+00
3.5200e+02	3.2000e+01	7.9912e-01	7.2715e-01	0.0000e+00	0.0000e+00
3.6800e+02	3.2000e+01	7.6175e-01	7.4908e-01	0.0000e+00	0.0000e+00
3.8400e+02	3.2000e+01	6.7602e-01	7.4027e-01	0.0000e+00	0.0000e+00
4.0000e+02	3.2000e+01	6.3119e-01	7.4399e-01	0.0000e+00	0.0000e+00
4.1600e+02	3.2000e+01	5.8811e-01	7.1383e-01	0.0000e+00	0.0000e+00
4.3200e+02	3.2000e+01	4.9236e-01	7.0639e-01	0.0000e+00	0.0000e+00
4.4800e+02	3.2000e+01	4.5714e-01	6.9310e-01	0.0000e+00	0.0000e+00
4.6400e+02	3.2000e+01	3.9760e-01	7.3863e-01	0.0000e+00	0.0000e+00
4.8000e+02	3.2000e+01	3.4902e-01	7.3806e-01	0.0000e+00	0.0000e+00
4.9600e+02	3.2000e+01	3.3938e-01	7.1171e-01	0.0000e+00	0.0000e+00
1.6000e+01	4.8000e+01	9.6919e-01	-8.9913e-01	0.0000e+00	0.0000e+00
3.2000e+01	4.8000e+01	1.0215e+00	-8.8717e-01	0.0000e+00	0.0000e+00
4.8000e+01	4.8000e+01	1.0924e+00	-8.7099e-01	0.0000e+00	0.0000e+00
6.4000e+01	4.8000e+01	1.1413e+00	-8.4147e-01	0.0000e+00	0.0000e+00
8.0000e+01	4.8000e+01	1.1935e+00	-7.7899e-01	0.0000e+00	0.0000e+00
9.6000e+01	4.8000e+01	1.4085e+00	-7.5075e-01	0.0000e+00	0.0000e+00
1.1200e+02	4.8000e+01	1.4422e+00	-6.9549e-01	0.0000e+00	0.0000e+00
1.2800e+02	4.8000e+01	1.5429e+00	-5.1502e-01	0.0000e+00	0.0000e+00
1.4400e+02	4.8000e+01	1.6563e+00	-3.6548e-01	0.0000e+00	0.0000e+00
1.6000e+02	4.8000e+01	1.6416e+00	-2.0889e-01	0.0000e+00	0.0000e+00
1.7600e+02	4.8000e+01	1.6891e+00	-1.0193e-01	0.0000e+00	0.0000e+00
1.9200e+02	4.8000e+01	1.6709e+00	-1.4481e-02	0.0000e+00	0.0000e+00
2.0800e+02	4.8000e+01	1.5885e+00	1.0779e-01	0.0000e+00	0.0000e+00
2.2400e+02	4.8000e+01	1.5064e+00	2.3029e-01	0.0000e+00	0.0000e+00
2.4000e+02	4.8000e+01	1.4396e+00	3.5385e-01	0.0000e+00	0.0000e+00
2.5600e+02	4.8000e+01	1.3531e+00	4.9510e-01	0.0000e+00	0.0000e+00
2.7200e+02	4.8000e+01	1.2688e+00	5.3196e-01	0.0000e+00	0.0000e+00
2.8800e+02	4.8000e+01	1.1627e+00	6.1994e-01	0.0000e+00	0.0000e+00
3.0400e+02	4.8000e+01	1.0634e+00	6.9261e-01	0.0000e+00	0.0000e+00
3.2000e+02	4.8000e+01	9.6272e-01	7.2479e-01	0.0000e+00	0.0000e+00
3.3600e+02	4.8000e+01	8.8620e-01	7.2722e-01	0.0000e+00	0.0000e+00
3.5200e+02	4.8000e+01	8.2488e-01	7.5323e-01	0.0000e+00	0.0000e+00
3.6800e+02	4.8000e+01	7.5172e-01	7.9344e-01	0.0000e+00	0.0000e+00
3.8400e+02	4.8000e+01	6.9341e-01	7.9338e-01	0.0000e+00	0.0000e+00
4.0000e+02	4.8000e+01	6.3778e-01	8.1796e-01	0.0000e+00	0.0000e+00
4.1600e+02	4.8000e+01	6.0014e-01	8.3230e-01	0.0000e+00	0.0000e+00
4.3200e+02	4.8000e+01	4.8851e-01	7.4591e-01	0.0000e+00	0.0000e+00
4.4800e+02	4.8000e+01	3.8127e-01	7.4664e-01	0.0000e+00	0.0000e+00
4.6400e+02	4.8000e+01	3.7901e-01	7.2954e-01	0.0000e+00	0.0000e+00
4.8000e+02	4.8000e+01	3.1855e-01	7.7814e-01	0.0000e+00	0.0000e+00
4.9600e+02	4.8000e+01	2.9936e-01	7.9046e-01	0.0000e+00	0.0000e+00
1.6000e+01	6.4000e+01	9.8193e-01	-9.6350e-01	0.0000e+00	0.0000e+00
3.2000e+01	6.4000e+01	1.0612e+00	-9.4568e-01	0.0000e+00	0.0000e+00
4.8000e+01	6.4000e+01	1.1412e+00	-9.3266e-01	0.0000e+00	0.0000e+00
6.4000e+01	6.4000e+01	1.2430e+00	-9.4252e-01	0.0000e+00	0.0000e+00
8.0000e+01	6.4000e+01	1.3507e+00	-9.1519e-01	0.0000e+00	0.0000e+00
9.6000e+01	6.4000e+01	1.4731e+00	-8.5511e-01	0.0000e+00	0.0000e+00
1.1200e+02	6.4000e+01	1.5966e+00	-7.7257e-01	0.0000e+00	0.0000e+00
1.2800e+02	6.4000e+01	1.7145e+00	-7.0566e-01	0.0000e+00	0.0000e+00
1.4400e+02	6.4000e+01	1.8247e+00	-4.7552e-01	0.0000e+00	0.0000e+00
1.6000e+02	6.4000e+01	1.8500e+00	-2.9795e-01	0.0000e+00	0.0000e+00
1.7600e+02	6.4000e+01	1.8436e+00	-1.6178e-01	0.0000e+00	0.0000e+00
1.9200e+02	6.4000e+01	1.8062e+00	-2.1287e-02	0.0000e+00	0.0000e+00
2.0800e+02	6.4000e+01	1.7416e+00	1.3568e-01	0.0000e+00	0.0000e+00
2.2400e+02	6.4000e+01	1.6462e+00	2.8473e-01	0.0000e+00	0.0000e+00
2.4000e+02	6.4000e+01	1.5442e+00	3.9154e-01	0.0000e+00	0.0000e+00
2.5600e+02	6.4000e+01	1.3771e+00	5.2047e-01	0.0000e+00	0.0000e+00
2.7200e+02	6.4000e+01	1.2998e+00	6.5600e-01	0.0000e+00	0.0000e+00
2.8800e+02	6.4000e+01	1.1966e+00	7.4708e-01	0.0000e+00	0.0000e+00
3.0400e+02	6.4000e+01	1.1006e+00	8.0016e-01	0.0000e+00	0.0000e+00
3.2000e+02	6.4000e+01	9.7228e-01	8.2443e-01	0.0000e+00	0.0000e+00
3.3600e+02	6.4000e+01	9.1392e-01	8.0428e-01	0.0000e+00	0.0000e+00
3.5200e+02	6.4000e+01	8.4231e-01	7.9736e-01	0.0000e+00	0.0000e+00
3.6800e+02	6.4000e+01	7.5294e-01	8.0601e-01	0.0000e+00	0.0000e+00
3.8400e+02	6.4000e+01	6.8119e-01	8.5567e-01	0.0000e+00	0.0000e+00
4.0000e+02	6.4000e+01	6.2463e-01	8.9898e-01	0.0000e+00	0.0000e+00
4.1600e+02	6.4000e+01	5.1669e-01	8.9274e-01	0.0000e+00	0.0000e+00
4.3200e+02	6.4000e+01	4.5572e-01	8.2109e-01	0.0000e+00	0.0000e+00
4.4800e+02	6.4000e+01	3.3458e-01	8.3660e-01	0.0000e+00	0.0000e+00
4.6400e+02	6.4000e+01	3.5657e-01	8.1520e-01	0.0000e+00	0.0000e+00
4.8000e+02	6.4000e+01	2.8178e-01	7.9693e-01	0.0000e+00	0.0000e+00
4.9600e+02	6.4000e+01	2.4630e-01	7.7269e-01	0.0000e+00	0.0000e+00
1.6000e+01	8.0000e+01	9.7531e-01	-1.0380e+00	0.0000e+00	0.0000e+00
3.2000e+01	8.0000e+01	1.0526e+00	-1.0618e+00	0.0000e+00	0.0000e+00
4.8000e+01	8.0000e+01	1.1213e+00	-1.0528e+00	0.0000e+00	0.0000e+00
6.4000e+01	8.0000e+01	1.2658e+00	-1.1019e+00	0.0000e+00	0.0000e+00
8.0000e+01	8.0000e+01	1.4258e+00	-1.0523e+00	0.0000e+00	0.0000e+00
9.6000e+01	8.0000e+01	1.5434e+00	-9.9527e-01	0.0000e+00	0.0000e+00
1.1200e+02	8.0000e+01	1.7142e+00	-8.9719e-01	0.0000e+00	0.0000e+00
1.2800e+02	8.0000e+01	1.7940e+00	-7.7183e-01	0.0000e+00	0.0000e+00
1.4400e+02	8.0000e+01	1.8749e+00	-6.1333e-01	0.0000e+00	0.0000e+00
1.6000e+02	8.0000e+01	1.9726e+00	-3.9524e-01	0.0000e+00	0.0000e+00
1.7600e+02	8.0000e+01	1.9855e+00	-2.0582e-01	0.0000e+00	0.0000e+00
1.9200e+02	8.0000e+01	1.9225e+00	-1.7721e-02	0.0000e+00	0.0000e+00
2.0800e+02	8.0000e+01	1.9112e+00	1.4211e-01	0.0000e+00	0.0000e+00
2.2400e+02	8.0000e+01	1.8016e+00	3.0669e-01	0.0000e+00	0.0000e+00
2.4000e+02	8.0000e+01	1.6925e+00	4.7226e-01	0.0000e+00	0.0000e+00
2.5600e+02	8.0000e+01	1.5913e+00	5.4442e-01	0.0000e+00	0.0000e+00
2.7200e+02	8.0000e+01	1.4150e+00	6.0271e-01	0.0000e+00	0.0000e+00
2.8800e+02	8.0000e+01	1.2686e+00	7.8580e-01	0.0000e+00	0.0000e+00
3.0400e+02	8.0000e+01	1.1460e+00	8.6133e-01	0.0000e+00	0.0000e+00
3.2000e+02	8.0000e+01	9.8224e-01	8.9430e-01	0.0000e+00	0.0000e+00
3.3600e+02	8.0000e+01	9.3445e-01	9.0808e-01	0.0000e+00	0.0000e+00
3.5200e+02	8.0000e+01	8.1618e-01	9.0525e-01	0.0000e+00	0.0000e+00
3.6800e+02	8.0000e+01	7.6517e-01	9.0364e-01	0.0000e+00	0.0000e+00
3.8400e+02	8.0000e+01	6.6218e-01	9.2454e-01	0.0000e+00	0.0000e+00
4.0000e+02	8.0000e+01	5.8956e-01	8.9086e-01	0.0000e+00	0.0000e+00
4.1600e+02	8.0000e+01	4.4063e-01	8.7371e-01	0.0000e+00	0.0000e+00
4.3200e+02	8.0000e+01	4.4059e-01	8.9173e-01	0.0000e+00	0.0000e+00
4.4800e+02	8.0000e+01	3.4030e-01	8.4713e-01	0.0000e+00	0.0000e+00
4.6400e+02	8.0000e+01	3.3481e-01	7.9701e-01	0.0000e+00	0.0000e+00
4.8000e+02	8.0000e+01	2.7219e-01	8.0888e-01	0.0000e+00	0.0000e+00
4.9600e+02	8.0000e+01	2.3994e-01	8.1610e-01	0.0000e+00	0.0000e+00
1.6000e+01	9.6000e+01	9.3040e-01	-1.1316e+00	0.0000e+00	0.0000e+00
3.2000e+01	9.6000e+01	1.0173e+00	-1.1522e+00	0.0000e+00	0.0000e+00
4.8000e+01	9.6000e+01	1.1197e+00	-1.1958e+00	0.0000e+00	0.0000e+00
6.4000e+01	9.6000e+01	1.2100e+00	-1.1799e+00	0.0000e+00	0.0000e+00
8.0000e+01	9.6000e+01	1.4509e+00	-1.1363e+00	0.0000e+00	0.0000e+00
9.6000e+01	9.6000e+01	1.5638e+00	-1.1746e+00	0.0000e+00	0.0000e+00
1.1200e+02	9.6000e+01	1.8138e+00	-1.0434e+00	0.0000e+00	0.0000e+00
1.2800e+02	9.6000e+01	1.9362e+00	-9.2702e-01	0.0000e+00	0.0000e+00
1.4400e+02	9.6000e+01	2.0144e+00	-8.0618e-01	0.0000e+00	0.0000e+00
1.6000e+02	9.6000e+01	2.1177e+00	-5.9492e-01	0.0000e+00	0.0000e+00
1.7600e+02	9.6000e+01	2.2068e+00	-2.7946e-01	0.0000e+00	0.0000e+00
1.9200e+02	9.6000e+01	2.1522e+00	-5.7822e-02	0.0000e+00	0.0000e+00
2.0800e+02	9.6000e+01	2.1122e+00	1.6734e-01	0.0000e+00	0.0000e+00
2.2400e+02	9.6000e+01	1.9838e+00	3.5776e-01	0.0000e+00	0.0000e+00
2.4000e+02	9.6000e+01	1.8492e+00	5.8552e-01	0.0000e+00	0.0000e+00
2.5600e+02	9.6000e+01	1.7334e+00	7.4529e-01	0.0000e+00	0.0000e+00
2.7200e+02	9.6000e+01	1.5723e+00	8.7334e-01	0.0000e+00	0.0000e+00
2.8800e+02	9.6000e+01	1.3327e+00	8.8874e-01	0.0000e+00	0.0000e+00
3.0400e+02	9.6000e+01	1.1617e+00	9.4680e-01	0.0000e+00	0.0000e+00
3.2000e+02	9.6000e+01	9.9064e-01	9.5842e-01	0.0000e+00	0.0000e+00
3.3600e+02	9.6000e+01	9.1786e-01	9.4669e-01	0.0000e+00	0.0000e+00
3.5200e+02	9.6000e+01	8.2186e-01	9.4070e-01	0.0000e+00	0.0000e+00
3.6800e+02	9.6000e+01	7.6297e-01	9.6893e-01	0.0000e+00	0.0000e+00
3.8400e+02	9.6000e+01	6.5335e-01	9.6874e-01	0.0000e+00	0.0000e+00
4.0000e+02	9.6000e+01	5.4079e-01	9.6680e-01	0.0000e+00	0.0000e+00
4.1600e+02	9.6000e+01	4.4130e-01	8.9668e-01	0.0000e+00	0.0000e+00
4.3200e+02	9.6000e+01	4.2947e-01	9.1292e-01	0.0000e+00	0.0000e+00
4.4800e+02	9.6000e+01	3.4954e-01	9.1536e-01	0.0000e+00	0.0000e+00
4.6400e+02	9.6000e+01	3.0985e-01	8.8979e-01	0.0000e+00	0.0000e+00
4.8000e+02	9.6000e+01	2.9006e-01	8.4196e-01	0.0000e+00	0.0000e+00
4.9600e+02	9.6000e+01	2.2780e-01	8.0752e-01	0.0000e+00	0.0000e+00
1.6000e+01	1.1200e+02	9.0524e-01	-1.1995e+00	0.0000e+00	0.0000e+00
3.2000e+01	1.1200e+02	9.8854e-01	-1.2744e+00	0.0000e+00	0.0000e+00
4.8000e+01	1.1200e+02	1.1287e+00	-1.3438e+00	0.0000e+00	0.0000e+00
6.4000e+01	1.1200e+02	1.2283e+00	-1.3527e+00	0.0000e+00	0.0000e+00
8.0000e+01	1.1200e+02	1.4488e+00	-1.2352e+00	0.0000e+00	0.0000e+00
9.6000e+01	1.1200e+02	1.5689e+00	-1.3529e+00	0.0000e+00	0.0000e+00
1.1200e+02	1.1200e+02	1.8950e+00	-1.2491e+00	0.0000e+00	0.0000e+00
1.2800e+02	1.1200e+02	2.0711e+00	-1.1565e+00	0.0000e+00	0.0000e+00
1.4400e+02	1.1200e+02	2.2453e+00	-1.0465e+00	0.0000e+00	0.0000e+00
1.6000e+02	1.1200e+02	2.3466e+00	-7.8764e-01	0.0000e+00	0.0000e+00
1.7600e+02	1.1200e+02	2.4629e+00	-4.0214e-01	0.0000e+00	0.0000e+00
1.9200e+02	1.1200e+02	2.4293e+00	-8.0359e-02	0.0000e+00	0.0000e+00
2.0800e+02	1.1200e+02	2.3439e+00	1.6926e-01	0.0000e+00	0.0000e+00
2.2400e+02	1.1200e+02	2.1465e+00	4.1980e-01	0.0000e+00	0.0000e+00
2.4000e+02	1.1200e+02	2.0236e+00	7.1878e-01	0.0000e+00	0.0000e+00
2.5600e+02	1.1200e+02	1.8205e+00	8.5436e-01	0.0000e+00	0.0000e+00
2.7200e+02	1.1200e+02	1.6213e+00	9.5676e-01	0.0000e+00	0.0000e+00
2.8800e+02	1.1200e+02	1.3870e+00	1.0670e+00	0.0000e+00	0.0000e+00
3.0400e+02	1.1200e+02	1.1918e+00	1.1223e+00	0.0000e+00	0.0000e+00
3.2000e+02	1.1200e+02	1.0146e+00	1.0980e+00	0.0000e+00	0.0000e+00
3.3600e+02	1.1200e+02	9.2446e-01	1.0878e+00	0.0000e+00	0.0000e+00
3.5200e+02	1.1200e+02	8.4306e-01	1.0540e+00	0.0000e+00	0.0000e+00
3.6800e+02	1.1200e+02	7.4087e-01	1.0329e+00	0.0000e+00	0.0000e+00
3.8400e+02	1.1200e+02	6.4412e-01	1.0643e+00	0.0000e+00	0.0000e+00
4.0000e+02	1.1200e+02	5.3923e-01	1.0048e+00	0.0000e+00	0.0000e+00
4.1600e+02	1.1200e+02	4.6665e-01	9.7043e-01	0.0000e+00	0.0000e+00
4.3200e+02	1.1200e+02	4.0172e-01	9.7778e-01	0.0000e+00	0.0000e+00
4.4800e+02	1.1200e+02	3.4212e-01	9.6245e-01	0.0000e+00	0.0000e+00
4.6400e+02	1.1200e+02	2.8809e-01	9.2303e-01	0.0000e+00	0.0000e+00
4.8000e+02	1.1200e+02	2.4852e-01	8.6305e-01	0.0000e+00	0.0000e+00
4.9600e+02	1.1200e+02	2.1759e-01	8.2281e-01	0.0000e+00	0.0000e+00
1.6000e+01	1.2800e+02	8.5674e-01	-1.3940e+00	0.0000e+00	0.0000e+00
3.2000e+01	1.2800e+02	9.4658e-01	-1.4473e+00	0.0000e+00	0.0000e+00
4.8000e+01	1.2800e+02	1.0184e+00	-1.4966e+00	0.0000e+00	0.0000e+00
6.4000e+01	1.2800e+02	1.2194e+00	-1.6035e+00	0.0000e+00	0.0000e+00
8.0000e+01	1.2800e+02	1.4962e+00	-1.5681e+00	0.0000e+00	0.0000e+00
9.6000e+01	1.2800e+02	1.7638e+00	-1.6236e+00	0.0000e+00	0.0000e+00
1.1200e+02	1.2800e+02	1.9758e+00	-1.5318e+00	0.0000e+00	0.0000e+00
1.2800e+02	1.2800e+02	2.1354e+00	-1.4366e+00	0.0000e+00	0.0000e+00
1.4400e+02	1.2800e+02	2.4926e+00	-1.2573e+00	0.0000e+00	0.0000e+00
1.6000e+02	1.2800e+02	2.7504e+00	-9.0874e-01	0.0000e+00	0.0000e+00
1.7600e+02	1.2800e+02	2.8559e+00	-6.0526e-01	0.0000e+00	0.0000e+00
1.9200e+02	1.2800e+02	2.8835e+00	-8.3696e-02	0.0000e+00	0.0000e+00
2.0800e+02	1.2800e+02	2.7601e+00	2.2510e-01	0.0000e+00	0.0000e+00
2.2400e+02	1.2800e+02	2.4723e+00	6.4239e-01	0.0000e+00	0.0000e+00
2.4000e+02	1.2800e+02	2.1819e+00	8.7966e-01	0.0000e+00	0.0000e+00
2.5600e+02	1.2800e+02	1.9444e+00	1.0108e+00	0.0000e+00	0.0000e+00
2.7200e+02	1.2800e+02	1.7171e+00	1.1094e+00	0.0000e+00	0.0000e+00
2.8800e+02	1.2800e+02	1.4653e+00	1.1992e+00	0.0000e+00	0.0000e+00
3.0400e+02	1.2800e+02	1.1942e+00	1.2356e+00	0.0000e+00	0.0000e+00
3.2000e+02	1.2800e+02	1.0176e+00	1.2197e+00	0.0000e+00	0.0000e+00
3.3600e+02	1.2800e+02	9.2771e-01	1.1767e+00	0.0000e+00	0.0000e+00
3.5200e+02	1.2800e+02	7.9048e-01	1.1566e+00	0.0000e+00	0.0000e+00
3.6800e+02	1.2800e+02	6.9210e-01	1.1516e+00	0.0000e+00	0.0000e+00
3.8400e+02	1.2800e+02	6.3498e-01	1.1405e+00	0.0000e+00	0.0000e+00
4.0000e+02	1.2800e+02	5.2392e-01	1.0668e+00	0.0000e+00	0.0000e+00
4.1600e+02	1.2800e+02	4.5728e-01	1.0900e+00	0.0000e+00	0.0000e+00
4.3200e+02	1.2800e+02	3.4079e-01	1.0219e+00	0.0000e+00	0.0000e+00
4.4800e+02	1.2800e+02	3.0500e-01	9.9036e-01	0.0000e+00	0.0000e+00
4.6400e+02	1.2800e+02	2.4169e-01	8.9021e-01	0.0000e+00	0.0000e+00
4.8000e+02	1.2800e+02	2.1448e-01	8.4703e-01	0.0000e+00	0.0000e+00
4.9600e+02	1.2800e+02	2.0072e-01	8.8293e-01	0.0000e+00	0.0000e+00
1.6000e+01	1.4400e+02	7.9605e-01	-1.5376e+00	0.0000e+00	0.0000e+00
3.2000e+01	1.4400e+02	9.0627e-01	-1.6159e+00	0.0000e+00	0.0000e+00
4.8000e+01	1.4400e+02	1.0118e+00	-1.6739e+00	0.0000e+00	0.0000e+00
6.4000e+01	1.4400e+02	1.2059e+00	-1.7838e+00	0.0000e+00	0.0000e+00
8.0000e+01	1.4400e+02	1.3788e+00	-1.9065e+00	0.0000e+00	0.0000e+00
9.6000e+01	1.4400e+02	1.8114e+00	-1.9425e+00	0.0000e+00	0.0000e+00
1.1200e+02	1.4400e+02	1.9964e+00	-1.9303e+00	0.0000e+00	0.0000e+00
1.2800e+02	1.4400e+02	2.3241e+00	-1.8203e+00	0.0000e+00	0.0000e+00
1.4400e+02	1.4400e+02	2.7846e+00	-1.6974e+00	0.0000e+00	0.0000e+00
1.6000e+02	1.4400e+02	3.0893e+00	-1.2054e+00	0.0000e+00	0.0000e+00
1.7600e+02	1.4400e+02	3.2699e+00	-8.1208e-01	0.0000e+00	0.0000e+00
1.9200e+02	1.4400e+02	3.3066e+00	-1.5712e-01	0.0000e+00	0.0000e+00
2.0800e+02	1.4400e+02	3.0658e+00	3.1138e-01	0.0000e+00	0.0000e+00
2.2400e+02	1.4400e+02	2.8162e+00	8.2741e-01	0.0000e+00	0.0000e+00
2.4000e+02	1.4400e+02	2.4715e+00	1.1101e+00	0.0000e+00	0.0000e+00
2.5600e+02	1.4400e+02	2.0465e+00	1.2676e+00	0.0000e+00	0.0000e+00
2.7200e+02	1.4400e+02	1.7767e+00	1.3745e+00	0.0000e+00	0.0000e+00
2.8800e+02	1.4400e+02	1.4985e+00	1.3972e+00	0.0000e+00	0.0000e+00
3.0400e+02	1.4400e+02	1.2060e+00	1.4110e+00	0.0000e+00	0.0000e+00
3.2000e+02	1.4400e+02	9.8529e-01	1.4059e+00	0.0000e+00	0.0000e+00
3.3600e+02	1.4400e+02	8.6426e-01	1.3469e+00	0.0000e+00	0.0000e+00
3.5200e+02	1.4400e+02	7.2595e-01	1.2907e+00	0.0000e+00	0.0000e+00
3.6800e+02	1.4400e+02	6.2642e-01	1.2464e+00	0.0000e+00	0.0000e+00
3.8400e+02	1.4400e+02	5.5645e-01	1.1838e+00	0.0000e+00	0.0000e+00
4.0000e+02	1.4400e+02	4.7550e-01	1.1588e+00	0.0000e+00	0.0000e+00
4.1600e+02	1.4400e+02	4.1397e-01	1.1228e+00	0.0000e+00	0.0000e+00
4.3200e+02	1.4400e+02	2.9389e-01	1.0670e+00	0.0000e+00	0.0000e+00
4.4800e+02	1.4400e+02	2.6148e-01	9.8135e-01	0.0000e+00	0.0000e+00
4.6400e+02	1.4400e+02	1.9275e-01	9.7416e-01	0.0000e+00	0.0000e+00
4.8000e+02	1.4400e+02	1.8390e-01	9.6062e-01	0.0000e+00	0.0000e+00
4.9600e+02	1.4400e+02	1.6966e-01	9.1067e-01	0.0000e+00	0.0000e+00
1.6000e+01	1.6000e+02	6.8819e-01	-1.5948e+00	0.0000e+00	0.0000e+00
3.2000e+01	1.6000e+02	8.0780e-01	-1.7096e+00	0.0000e+00	0.0000e+00
4.8000e+01	1.6000e+02	9.3625e-01	-1.7934e+00	0.0000e+00	0.0000e+00
6.4000e+01	1.6000e+02	1.0684e+00	-1.9460e+00	0.0000e+00	0.0000e+00
8.0000e+01	1.6000e+02	1.3096e+00	-2.1278e+00	0.0000e+00	0.0000e+00
9.6000e+01	1.6000e+02	1.7098e+00	-2.0979e+00	0.0000e+00	0.0000e+00
1.1200e+02	1.6000e+02	1.9980e+00	-2.1581e+00	0.0000e+00	0.0000e+00
1.2800e+02	1.6000e+02	2.3533e+00	-2.1222e+00	0.0000e+00	0.0000e+00
1.4400e+02	1.6000e+02	3.0729e+00	-2.0355e+00	0.0000e+00	0.0000e+00
1.6000e+02	1.6000e+02	3.5775e+00	-1.8222e+00	0.0000e+00	0.0000e+00
1.7600e+02	1.6000e+02	3.9083e+00	-1.1563e+00	0.0000e+00	0.0000e+00
1.9200e+02	1.6000e+02	4.0936e+00	-1.9641e-01	0.0000e+00	0.0000e+00
2.0800e+02	1.6000e+02	3.7543e+00	4.4598e-01	0.0000e+00	0.0000e+00
2.2400e+02	1.6000e+02	3.1075e+00	1.0082e+00	0.0000e+00	0.0000e+00
2.4000e+02	1.6000e+02	2.7532e+00	1.4386e+00	0.0000e+00	0.0000e+00
2.5600e+02	1.6000e+02	2.1545e+00	1.6920e+00	0.0000e+00	0.0000e+00
2.7200e+02	1.6000e+02	1.8761e+00	1.8211e+00	0.0000e+00	0.0000e+00
2.8800e+02	1.6000e+02	1.4473e+00	1.7389e+00	0.0000e+00	0.0000e+00
3.0400e+02	1.6000e+02	1.1456e+00	1.7872e+00	0.0000e+00	0.0000e+00
3.2000e+02	1.6000e+02	9.5901e-01	1.6768e+00	0.0000e+00	0.0000e+00
3.3600e+02	1.6000e+02	8.5989e-01	1.5501e+00	0.0000e+00	0.0000e+00
3.5200e+02	1.6000e+02	7.0363e-01	1.4358e+00	0.0000e+00	0.0000e+00
3.6800e+02	1.6000e+02	5.6207e-01	1.3886e+00	0.0000e+00	0.0000e+00
3.8400e+02	1.6000e+02	4.4528e-01	1.2830e+00	0.0000e+00	0.0000e+00
4.0000e+02	1.6000e+02	3.8408e-01	1.2535e+00	0.0000e+00	0.0000e+00
4.1600e+02	1.6000e+02	3.0847e-01	1.1606e+00	0.0000e+00	0.0000e+00
4.3200e+02	1.6000e+02	2.2969e-01	1.1176e+00	0.0000e+00	0.0000e+00
4.4800e+02	1.6000e+02	2.0615e-01	1.0497e+00	0.0000e+00	0.0000e+00
4.6400e+02	1.6000e+02	1.6831e-01	9.6323e-01	0.0000e+00	0.0000e+00
4.8000e+02	1.6000e+02	1.6022e-01	9.3648e-01	0.0000e+00	0.0000e+00
4.9600e+02	1.6000e+02	1.3977e-01	9.4841e-01	0.0000e+00	0.0000e+00
1.6000e+01	1.7600e+02	5.5274e-01	-1.7027e+00	0.0000e+00	0.0000e+00
3.2000e+01	1.7600e+02	6.4180e-01	-1.8320e+00	0.0000e+00	0.0000e+00
4.8000e+01	1.7600e+02	7.8981e-01	-1.9757e+00	0.0000e+00	0.0000e+00
6.4000e+01	1.7600e+02	9.3531e-01	-2.1134e+00	0.0000e+00	0.0000e+00
8.0000e+01	1.7600e+02	1.0949e+00	-2.1911e+00	0.0000e+00	0.0000e+00
9.6000e+01	1.7600e+02	1.5182e+00	-2.3440e+00	0.0000e+00	0.0000e+00
1.1200e+02	1.7600e+02	1.9290e+00	-2.6465e+00	0.0000e+00	0.0000e+00
1.2800e+02	1.7600e+02	2.4320e+00	-2.8567e+00	0.0000e+00	0.0000e+00
1.4400e+02	1.7600e+02	3.2176e+00	-2.8170e+00	0.0000e+00	0.0000e+00
1.6000e+02	1.7600e+02	3.9154e+00	-2.3645e+00	0.0000e+00	0.0000e+00
1.7600e+02	1.7600e+02	4.5345e+00	-1.6461e+00	0.0000e+00	0.0000e+00
1.9200e+02	1.7600e+02	5.1917e+00	-2.2305e-01	0.0000e+00	0.0000e+00
2.0800e+02	1.7600e+02	5.0459e+00	3.0098e-01	0.0000e+00	0.0000e+00
2.2400e+02	1.7600e+02	3.7367e+00	1.6221e+00	0.0000e+00	0.0000e+00
2.4000e+02	1.7600e+02	2.9378e+00	2.1106e+00	0.0000e+00	0.0000e+00
2.5600e+02	1.7600e+02	2.2733e+00	2.2744e+00	0.0000e+00	0.0000e+00
2.7200e+02	1.7600e+02	1.8562e+00	2.2201e+00	0.0000e+00	0.0000e+00
2.8800e+02	1.7600e+02	1.3637e+00	2.0708e+00	0.0000e+00	0.0000e+00
3.0400e+02	1.7600e+02	1.0738e+00	1.9999e+00	0.0000e+00	0.0000e+00
3.2000e+02	1.7600e+02	8.8016e-01	1.8541e+00	0.0000e+00	0.0000e+00
3.3600e+02	1.7600e+02	7.4713e-01	1.6908e+00	0.0000e+00	0.0000e+00
3.5200e+02	1.7600e+02	5.8050e-01	1.6065e+00	0.0000e+00	0.0000e+00
3.6800e+02	1.7600e+02	4.7655e-01	1.5299e+00	0.0000e+00	0.0000e+00
3.8400e+02	1.7600e+02	3.4197e-01	1.3185e+00	0.0000e+00	0.0000e+00
4.0000e+02	1.7600e+02	2.9673e-01	1.2739e+00	0.0000e+00	0.0000e+00
4.1600e+02	1.7600e+02	2.3577e-01	1.1759e+00	0.0000e+00	0.0000e+00
4.3200e+02	1.7600e+02	1.8044e-01	1.1084e+00	0.0000e+00	0.0000e+00
4.4800e+02	1.7600e+02	1.5723e-01	1.0946e+00	0.0000e+00	0.0000e+00
4.6400e+02	1.7600e+02	1.3811e-01	1.0425e+00	0.0000e+00	0.0000e+00
4.8000e+02	1.7600e+02	1.2153e-01	9.8961e-01	0.0000e+00	0.0000e+00
4.9600e+02	1.7600e+02	9.9108e-02	9.4903e-01	0.0000e+00	0.0000e+00
1.6000e+01	1.9200e+02	3.6478e-01	-1.7736e+00	0.0000e+00	0.0000e+00
3.2000e+01	1.9200e+02	4.7033e-01	-1.9027e+00	0.0000e+00	0.0000e+00
4.8000e+01	1.9200e+02	6.3790e-01	-2.0368e+00	0.0000e+00	0.0000e+00
6.4000e+01	1.9200e+02	7.7797e-01	-2.1655e+00	0.0000e+00	0.0000e+00
8.0000e+01	1.9200e+02	9.4116e-01	-2.4425e+00	0.0000e+00	0.0000e+00
9.6000e+01	1.9200e+02	1.1666e+00	-2.8310e+00	0.0000e+00	0.0000e+00
1.1200e+02	1.9200e+02	1.6115e+00	-3.1223e+00	0.0000e+00	0.0000e+00
1.2800e+02	1.9200e+02	2.1588e+00	-3.3984e+00	0.0000e+00	0.0000e+00
1.4400e+02	1.9200e+02	3.2004e+00	-3.6270e+00	0.0000e+00	0.0000e+00
1.6000e+02	1.9200e+02	4.2215e+00	-3.4863e+00	0.0000e+00	0.0000e+00
1.7600e+02	1.9200e+02	5.5139e+00	-2.1925e+00	0.0000e+00	0.0000e+00
1.9200e+02	1.9200e+02	5.8599e+00	-3.6188e-01	0.0000e+00	0.0000e+00
2.0800e+02	1.9200e+02	5.9403e+00	8.7185e-01	0.0000e+00	0.0000e+00
2.2400e+02	1.9200e+02	4.2163e+00	2.8615e+00	0.0000e+00	0.0000e+00
2.4000e+02	1.9200e+02	3.0756e+00	2.9047e+00	0.0000e+00	0.0000e+00
2.5600e+02	1.9200e+02	2.2139e+00	2.8715e+00	0.0000e+00	0.0000e+00
2.7200e+02	1.9200e+02	1.6535e+00	2.7834e+00	0.0000e+00	0.0000e+00
2.8800e+02	1.9200e+02	1.1420e+00	2.5239e+00	0.0000e+00	0.0000e+00
3.0400e+02	1.9200e+02	8.8474e-01	2.1943e+00	0.0000e+00	0.0000e+00
3.2000e+02	1.9200e+02	7.2945e-01	2.0431e+00	0.0000e+00	0.0000e+00
3.3600e+02	1.9200e+02	5.7376e-01	1.9360e+00	0.0000e+00	0.0000e+00
3.5200e+02	1.9200e+02	4.6811e-01	1.7957e+00	0.0000e+00	0.0000e+00
3.6800e+02	1.9200e+02	3.4160e-01	1.6709e+00	0.0000e+00	0.0000e+00
3.8400e+02	1.9200e+02	2.4854e-01	1.5675e+00	0.0000e+00	0.0000e+00
4.0000e+02	1.9200e+02	2.3591e-01	1.4206e+00	0.0000e+00	0.0000e+00
4.1600e+02	1.9200e+02	1.9747e-01	1.2926e+00	0.0000e+00	0.0000e+00
4.3200e+02	1.9200e+02	1.3825e-01	1.2003e+00	0.0000e+00	0.0000e+00
4.4800e+02	1.9200e+02	1.0617e-01	1.1124e+00	0.0000e+00	0.0000e+00
4.6400e+02	1.9200e+02	9.8143e-02	1.0591e+00	0.0000e+00	0.0000e+00
4.8000e+02	1.9200e+02	8.4659e-02	1.0552e+00	0.0000e+00	0.0000e+00
4.9600e+02	1.9200e+02	5.8900e-02	1.0172e+00	0.0000e+00	0.0000e+00
1.6000e+01	2.0800e+02	2.3870e-01	-1.7615e+00	0.0000e+00	0.0000e+00
3.2000e+01	2.0800e+02	3.0907e-01	-1.9330e+00	0.0000e+00	0.0000e+00
4.8000e+01	2.0800e+02	3.8915e-01	-2.0206e+00	0.0000e+00	0.0000e+00
6.4000e+01	2.0800e+02	4.9183e-01	-2.2418e+00	0.0000e+00	0.0000e+00
8.0000e+01	2.0800e+02	6.1220e-01	-2.7396e+00	0.0000e+00	0.0000e+00
9.6000e+01	2.0800e+02	8.7200e-01	-2.9655e+00	0.0000e+00	0.0000e+00
1.1200e+02	2.0800e+02	1.1620e+00	-3.4621e+00	0.0000e+00	0.0000e+00
1.2800e+02	2.0800e+02	1.7470e+00	-4.1050e+00	0.0000e+00	0.0000e+00
1.4400e+02	2.0800e+02	2.3963e+00	-4.4737e+00	0.0000e+00	0.0000e+00
1.6000e+02	2.0800e+02	3.8105e+00	-6.8404e-01	0.0000e+00	0.0000e+00
1.7600e+02	2.0800e+02	4.1610e+00	1.8473e-01	0.0000e+00	0.0000e+00
1.9200e+02	2.0800e+02	4.1138e+00	-4.0655e-03	0.0000e+00	0.0000e+00
2.0800e+02	2.0800e+02	7.0847e+00	1.1184e+00	0.0000e+00	0.0000e+00
2.2400e+02	2.0800e+02	4.1842e+00	3.4279e+00	0.0000e+00	0.0000e+00
2.4000e+02	2.0800e+02	3.0186e+00	3.8271e+00	0.0000e+00	0.0000e+00
2.5600e+02	2.0800e+02	1.7332e+00	3.6711e+00	0.0000e+00	0.0000e+00
2.7200e+02	2.0800e+02	1.2745e+00	3.2459e+00	0.0000e+00	0.0000e+00
2.8800e+02	2.0800e+02	9.0120e-01	2.8689e+00	0.0000e+00	0.0000e+00
3.0400e+02	2.0800e+02	6.6265e-01	2.6261e+00	0.0000e+00	0.0000e+00
3.2000e+02	2.0800e+02	4.3544e-01	2.1814e+00	0.0000e+00	0.0000e+00
3.3600e+02	2.0800e+02	3.1179e-01	2.0295e+00	0.0000e+00	0.0000e+00
3.5200e+02	2.0800e+02	2.6007e-01	1.8755e+00	0.0000e+00	0.0000e+00
3.6800e+02	2.0800e+02	1.8590e-01	1.7542e+00	0.0000e+00	0.0000e+00
3.8400e+02	2.0800e+02	1.5558e-01	1.5762e+00	0.0000e+00	0.0000e+00
4.0000e+02	2.0800e+02	1.3444e-01	1.3745e+00	0.0000e+00	0.0000e+00
4.1600e+02	2.0800e+02	9.9749e-02	1.2735e+00	0.0000e+00	0.0000e+00
4.3200e+02	2.0800e+02	6.4685e-02	1.2438e+00	0.0000e+00	0.0000e+00
4.4800e+02	2.0800e+02	6.1889e-02	1.1888e+00	0.0000e+00	0.0000e+00
4.6400e+02	2.0800e+02	6.2288e-02	1.1255e+00	0.0000e+00	0.0000e+00
4.8000e+02	2.0800e+02	4.2639e-02	1.0035e+00	0.0000e+00	0.0000e+00
4.9600e+02	2.0800e+02	2.2326e-02	9.4503e-01	0.0000e+00	0.0000e+00
1.6000e+01	2.2400e+02	1.2382e-01	-1.7890e+00	0.0000e+00	0.0000e+00
3.2000e+01	2.2400e+02	1.4860e-01	-1.9322e+00	0.0000e+00	0.0000e+00
4.8000e+01	2.2400e+02	1.4688e-01	-2.0478e+00	0.0000e+00	0.0000e+00
6.4000e+01	2.2400e+02	2.0460e-01	-2.3342e+00	0.0000e+00	0.0000e+00
8.0000e+01	2.2400e+02	2.9225e-01	-2.7475e+00	0.0000e+00	0.0000e+00
9.6000e+01	2.2400e+02	4.1709e-01	-3.1384e+00	0.0000e+00	0.0000e+00
1.1200e+02	2.2400e+02	4.7093e-01	-3.7191e+00	0.0000e+00	0.0000e+00
1.2800e+02	2.2400e+02	9.1611e-01	-4.3741e+00	0.0000e+00	0.0000e+00
1.4400e+02	2.2400e+02	1.2871e+00	-5.3195e+00	0.0000e+00	0.0000e+00
1.6000e+02	2.2400e+02	-1.0077e+00	-1.4841e+00	0.0000e+00	0.0000e+00
1.7600e+02	2.2400e+02	4.8653e+00	-7.0710e+00	0.0000e+00	0.0000e+00
1.9200e+02	2.2400e+02	5.3871e+00	-6.0310e-01	0.0000e+00	0.0000e+00
2.0800e+02	2.2400e+02	-3.8273e+00	8.7185e+00	0.0000e+00	0.0000e+00
2.2400e+02	2.2400e+02	7.5883e-01	8.2146e-02	0.0000e+00	0.0000e+00
2.4000e+02	2.2400e+02	1.2298e+00	5.8674e+00	0.0000e+00	0.0000e+00
2.5600e+02	2.2400e+02	9.7791e-01	4.4028e+00	0.0000e+00	0.0000e+00
2.7200e+02	2.2400e+02	6.9693e-01	3.8010e+00	0.0000e+00	0.0000e+00
2.8800e+02	2.2400e+02	4.7990e-01	3.2816e+00	0.0000e+00	0.0000e+00
3.0400e+02	2.2400e+02	2.9154e-01	2.8061e+00	0.0000e+00	0.0000e+00
3.2000e+02	2.2400e+02	1.9867e-01	2.4107e+00	0.0000e+00	0.0000e+00
3.3600e+02	2.2400e+02	1.4378e-01	2.1345e+00	0.0000e+00	0.0000e+00
3.5200e+02	2.2400e+02	8.8092e-02	1.9665e+00	0.0000e+00	0.0000e+00
3.6800e+02	2.2400e+02	6.7221e-02	1.8248e+00	0.0000e+00	0.0000e+00
3.8400e+02	2.2400e+02	5.7349e-02	1.6456e+00	0.0000e+00	0.0000e+00
4.0000e+02	2.2400e+02	-3.3935e-02	1.4977e+00	0.0000e+00	0.0000e+00
4.1600e+02	2.2400e+02	8.4467e-03	1.3590e+00	0.0000e+00	0.0000e+00
4.3200e+02	2.2400e+02	1.8148e-02	1.2993e+00	0.0000e+00	0.0000e+00
4.4800e+02	2.2400e+02	-2.2999e-04	1.1972e+00	0.0000e+00	0.0000e+00
4.6400e+02	2.2400e+02	-9.8769e-03	1.1320e+00	0.0000e+00	0.0000e+00
4.8000e+02	2.2400e+02	-1.1321e-02	1.0691e+00	0.0000e+00	0.0000e+00
4.9600e+02	2.2400e+02	-7.3493e-03	1.0019e+00	0.0000e+00	0.0000e+00
1.6000e+01	2.4000e+02	3.0523e-03	-1.7697e+00	0.0000e+00	0.0000e+00
3.2000e+01	2.4000e+02	-6.9590e-04	-1.8940e+00	0.0000e+00	0.0000e+00
4.8000e+01	2.4000e+02	-4.3191e-03	-2.0518e+00	0.0000e+00	0.0000e+00
6.4000e+01	2.4000e+02	1.3473e-02	-2.3056e+00	0.0000e+00	0.0000e+00
8.0000e+01	2.4000e+02	-4.6500e-02	-2.7000e+00	0.0000e+00	0.0000e+00
9.6000e+01	2.4000e+02	-5.2020e-02	-3.1003e+00	0.0000e+00	0.0000e+00
1.1200e+02	2.4000e+02	1.2386e-02	-3.5968e+00	0.0000e+00	0.0000e+00
1.2800e+02	2.4000e+02	7.2773e-02	-4.3784e+00	0.0000e+00	0.0000e+00
1.4400e+02	2.4000e+02	4.3114e-02	-5.9503e+00	0.0000e+00	0.0000e+00
1.6000e+02	2.4000e+02	1.9662e-02	-6.7023e+00	0.0000e+00	0.0000e+00
1.7600e+02	2.4000e+02	4.9568e+00	-5.1443e+00	0.0000e+00	0.0000e+00
1.9200e+02	2.4000e+02	4.6659e+00	-4.6803e+00	0.0000e+00	0.0000e+00
2.0800e+02	2.4000e+02	-1.0791e+00	5.3743e+00	0.0000e+00	0.0000e+00
2.2400e+02	2.4000e+02	-1.0716e+00	8.5270e+00	0.0000e+00	0.0000e+00
2.4000e+02	2.4000e+02	-8.7903e-01	6.8585e+00	0.0000e+00	0.0000e+00
2.5600e+02	2.4000e+02	3.6448e-02	4.8381e+00	0.0000e+00	0.0000e+00
2.7200e+02	2.4000e+02	-1.5275e-01	4.1572e+00	0.0000e+00	0.0000e+00
2.8800e+02	2.4000e+02	-1.2407e-01	3.4901e+00	0.0000e+00	0.0000e+00
3.0400e+02	2.4000e+02	-7.2774e-02	2.9486e+00	0.0000e+00	0.0000e+00
3.2000e+02	2.4000e+02	-1.0001e-01	2.5873e+00	0.0000e+00	0.0000e+00
3.3600e+02	2.4000e+02	-1.7286e-02	2.2568e+00	0.0000e+00	0.0000e+00
3.5200e+02	2.4000e+02	-4.9903e-02	2.0511e+00	0.0000e+00	0.0000e+00
3.6800e+02	2.4000e+02	-4.4924e-02	1.9034e+00	0.0000e+00	0.0000e+00
3.8400e+02	2.4000e+02	-3.3487e-02	1.7419e+00	0.0000e+00	0.0000e+00
4.0000e+02	2.4000e+02	-3.3290e-02	1.5301e+00	0.0000e+00	0.0000e+00
4.1600e+02	2.4000e+02	-4.5027e-02	1.3718e+00	0.0000e+00	0.0000e+00
4.3200e+02	2.4000e+02	-3.5494e-02	1.2981e+00	0.0000e+00	0.0000e+00
4.4800e+02	2.4000e+02	-4.9161e-02	1.1963e+00	0.0000e+00	0.0000e+00
4.6400e+02	2.4000e+02	-6.1711e-02	1.1270e+00	0.0000e+00	0.0000e+00
4.8000e+02	2.4000e+02	-5.7784e-02	1.1031e+00	0.0000e+00	0.0000e+00
4.9600e+02	2.4000e+02	-5.1521e-02	1.0433e+00	0.0000e+00	0.0000e+00
1.6000e+01	2.5600e+02	-1.0909e-01	-1.7442e+00	0.0000e+00	0.0000e+00
3.2000e+01	2.5600e+02	-1.3921e-01	-1.8369e+00	0.0000e+00	0.0000e+00
4.8000e+01	2.5600e+02	-1.8096e-01	-1.9663e+00	0.0000e+00	0.0000e+00
6.4000e+01	2.5600e+02	-2.3413e-01	-2.1627e+00	0.0000e+00	0.0000e+00
8.0000e+01	2.5600e+02	-3.8194e-01	-2.5181e+00	0.0000e+00	0.0000e+00
9.6000e+01	2.5600e+02	-4.2514e-01	-2.8644e+00	0.0000e+00	0.0000e+00
1.1200e+02	2.5600e+02	-6.0113e-01	-3.2801e+00	0.0000e+00	0.0000e+00
1.2800e+02	2.5600e+02	-9.7227e-01	-3.7967e+00	0.0000e+00	0.0000e+00
1.4400e+02	2.5600e+02	-1.7732e+00	-4.4821e+00	0.0000e+00	0.0000e+00
1.6000e+02	2.5600e+02	-2.6197e+00	-5.5903e+00	0.0000e+00	0.0000e+00
1.7600e+02	2.5600e+02	2.2158e-01	-2.7577e+00	0.0000e+00	0.0000e+00
1.9200e+02	2.5600e+02	9.9229e-02	-2.7498e+00	0.0000e+00	0.0000e+00
2.0800e+02	2.5600e+02	2.2884e+00	7.6138e-02	0.0000e+00	0.0000e+00
2.2400e+02	2.5600e+02	2.3033e-01	-3.0691e+00	0.0000e+00	0.0000e+00
2.4000e+02	2.5600e+02	-3.0023e+00	5.8569e+00	0.0000e+00	0.0000e+00
2.5600e+02	2.5600e+02	-1.7432e+00	4.8815e+00	0.0000e+00	0.0000e+00
2.7200e+02	2.5600e+02	-9.9180e-01	3.9774e+00	0.0000e+00	0.0000e+00
2.8800e+02	2.5600e+02	-7.3274e-01	3.4322e+00	0.0000e+00	0.0000e+00
3.0400e+02	2.5600e+02	-5.5373e-01	2.9763e+00	0.0000e+00	0.0000e+00
3.2000e+02	2.5600e+02	-3.8117e-01	2.6303e+00	0.0000e+00	0.0000e+00
3.3600e+02	2.5600e+02	-2.5713e-01	2.2020e+00	0.0000e+00	0.0000e+00
3.5200e+02	2.5600e+02	-2.0387e-01	2.0183e+00	0.0000e+00	0.0000e+00
3.6800e+02	2.5600e+02	-1.9930e-01	1.8895e+00	0.0000e+00	0.0000e+00
3.8400e+02	2.5600e+02	-1.3499e-01	1.7435e+00	0.0000e+00	0.0000e+00
4.0000e+02	2.5600e+02	-1.3650e-01	1.5815e+00	0.0000e+00	0.0000e+00
4.1600e+02	2.5600e+02	-1.1747e-01	1.4421e+00	0.0000e+00	0.0000e+00
4.3200e+02	2.5600e+02	-1.0762e-01	1.3052e+00	0.0000e+00	0.0000e+00
4.4800e+02	2.5600e+02	-1.1568e-01	1.2463e+00	0.0000e+00	0.0000e+00
4.6400e+02	2.5600e+02	-1.1908e-01	1.1746e+00	0.0000e+00	0.0000e+00
4.8000e+02	2.5600e+02	-1.0394e-01	1.1062e+00	0.0000e+00	0.0000e+00
4.9600e+02	2.5600e+02	-9.0941e-02	1.0460e+00	0.0000e+00	0.0000e+00
1.6000e+01	2.7200e+02	-2.1564e-01	-1.6531e+00	0.0000e+00	0.0000e+00
3.2000e+01	2.7200e+02	-2.5001e-01	-1.7726e+00	0.0000e+00	0.0000e+00
4.8000e+01	2.7200e+02	-3.2615e-01	-1.8871e+00	0.0000e+00	0.0000e+00
6.4000e+01	2.7200e+02	-4.5666e-01	-2.0232e+00	0.0000e+00	0.0000e+00
8.0000e+01	2.7200e+02	-6.4371e-01	-2.2733e+00	0.0000e+00	0.0000e+00
9.6000e+01	2.7200e+02	-7.7526e-01	-2.5493e+00	0.0000e+00	0.0000e+00
1.1200e+02	2.7200e+02	-1.0401e+00	-2.9105e+00	0.0000e+00	0.0000e+00
1.2800e+02	2.7200e+02	-1.5509e+00	-3.1801e+00	0.0000e+00	0.0000e+00
1.4400e+02	2.7200e+02	-2.2377e+00	-3.3930e+00	0.0000e+00	0.0000e+00
1.6000e+02	2.7200e+02	-3.2133e+00	-3.7287e+00	0.0000e+00	0.0000e+00
1.7600e+02	2.7200e+02	-4.7199e+00	-4.1284e+00	0.0000e+00	0.0000e+00
1.9200e+02	2.7200e+02	3.9084e+00	1.8990e+00	0.0000e+00	0.0000e+00
2.0800e+02	2.7200e+02	3.8959e+00	1.9622e+00	0.0000e+00	0.0000e+00
2.2400e+02	2.7200e+02	3.0085e+00	4.0578e+00	0.0000e+00	0.0000e+00
2.4000e+02	2.7200e+02	-3.8318e+00	4.5106e+00	0.0000e+00	0.0000e+00
2.5600e+02	2.7200e+02	-2.4761e+00	4.1661e+00	0.0000e+00	0.0000e+00
2.7200e+02	2.7200e+02	-1.7495e+00	3.7811e+00	0.0000e+00	0.0000e+00
2.8800e+02	2.7200e+02	-1.1024e+00	3.2670e+00	0.0000e+00	0.0000e+00
3.0400e+02	2.7200e+02	-8.8771e-01	2.8984e+00	0.0000e+00	0.0000e+00
3.2000e+02	2.7200e+02	-7.0337e-01	2.5250e+00	0.0000e+00	0.0000e+00
3.3600e+02	2.7200e+02	-6.1631e-01	2.2646e+00	0.0000e+00	0.0000e+00
3.5200e+02	2.7200e+02	-3.8704e-01	1.9838e+00	0.0000e+00	0.0000e+00
3.6800e+02	2.7200e+02	-3.8599e-01	1.8760e+00	0.0000e+00	0.0000e+00
3.8400e+02	2.7200e+02	-2.4669e-01	1.6850e+00	0.0000e+00	0.0000e+00
4.0000e+02	2.7200e+02	-2.5492e-01	1.5480e+00	0.0000e+00	0.0000e+00
4.1600e+02	2.7200e+02	-1.9811e-01	1.4520e+00	0.0000e+00	0.0000e+00
4.3200e+02	2.7200e+02	-1.9128e-01	1.2974e+00	0.0000e+00	0.0000e+00
4.4800e+02	2.7200e+02	-1.5562e-01	1.2205e+00	0.0000e+00	0.0000e+00
4.6400e+02	2.7200e+02	-1.6041e-01	1.1564e+00	0.0000e+00	0.0000e+00
4.8000e+02	2.7200e+02	-1.6457e-01	1.1067e+00	0.0000e+00	0.0000e+00
4.9600e+02	2.7200e+02	-1.4631e-01	1.0472e+00	0.0000e+00	0.0000e+00
1.6000e+01	2.8800e+02	-2.7233e-01	-1.4728e+00	0.0000e+00	0.0000e+00
3.2000e+01	2.8800e+02	-4.0035e-01	-1.5816e+00	0.0000e+00	0.0000e+00
4.8000e+01	2.8800e+02	-5.3732e-01	-1.7646e+00	0.0000e+00	0.0000e+00
6.4000e+01	2.8800e+02	-6.6296e-01	-1.9433e+00	0.0000e+00	0.0000e+00
8.0000e+01	2.8800e+02	-7.8702e-01	-2.0541e+00	0.0000e+00	0.0000e+00
9.6000e+01	2.8800e+02	-9.8655e-01	-2.1953e+00	0.0000e+00	0.0000e+00
1.1200e+02	2.8800e+02	-1.3258e+00	-2.4360e+00	0.0000e+00	0.0000e+00
1.2800e+02	2.8800e+02	-1.7976e+00	-2.5938e+00	0.0000e+00	0.0000e+00
1.4400e+02	2.8800e+02	-2.4973e+00	-2.7401e+00	0.0000e+00	0.0000e+00
1.6000e+02	2.8800e+02	-3.2076e+00	-2.6272e+00	0.0000e+00	0.0000e+00
1.7600e+02	2.8800e+02	-4.2220e+00	-1.8899e+00	0.0000e+00	0.0000e+00
1.9200e+02	2.8800e+02	-5.7689e+00	-3.2742e-01	0.0000e+00	0.0000e+00
2.0800e+02	2.8800e+02	-5.6162e+00	9.8570e-01	0.0000e+00	0.0000e+00
2.2400e+02	2.8800e+02	-5.0986e+00	2.4556e+00	0.0000e+00	0.0000e+00
2.4000e+02	2.8800e+02	-3.8704e+00	3.4163e+00	0.0000e+00	0.0000e+00
2.5600e+02	2.8800e+02	-2.9733e+00	3.3486e+00	0.0000e+00	0.0000e+00
2.7200e+02	2.8800e+02	-2.1592e+00	3.1814e+00	0.0000e+00	0.0000e+00
2.8800e+02	2.8800e+02	-1.6765e+00	2.9638e+00	0.0000e+00	0.0000e+00
3.0400e+02	2.8800e+02	-1.3083e+00	2.6611e+00	0.0000e+00	0.0000e+00
3.2000e+02	2.8800e+02	-9.7502e-01	2.3003e+00	0.0000e+00	0.0000e+00
3.3600e+02	2.8800e+02	-8.2907e-01	2.1008e+00	0.0000e+00	0.0000e+00
3.5200e+02	2.8800e+02	-6.5814e-01	1.9158e+00	0.0000e+00	0.0000e+00
3.6800e+02	2.8800e+02	-5.7513e-01	1.7809e+00	0.0000e+00	0.0000e+00
3.8400e+02	2.8800e+02	-4.2050e-01	1.6363e+00	0.0000e+00	0.0000e+00
4.0000e+02	2.8800e+02	-3.1024e-01	1.4936e+00	0.0000e+00	0.0000e+00
4.1600e+02	2.8800e+02	-2.5774e-01	1.3909e+00	0.0000e+00	0.0000e+00
4.3200e+02	2.8800e+02	-2.5345e-01	1.2753e+00	0.0000e+00	0.0000e+00
4.4800e+02	2.8800e+02	-1.8104e-01	1.1733e+00	0.0000e+00	0.0000e+00
4.6400e+02	2.8800e+02	-1.8914e-01	1.1421e+00	0.0000e+00	0.0000e+00
4.8000e+02	2.8800e+02	-2.1099e-01	1.1061e+00	0.0000e+00	0.0000e+00
4.9600e+02	2.8800e+02	-1.9524e-01	1.0661e+00	0.0000e+00	0.0000e+00
1.6000e+01	3.0400e+02	-4.5262e-01	-1.4418e+00	0.0000e+00	0.0000e+00
3.2000e+01	3.0400e+02	-4.8921e-01	-1.5605e+00	0.0000e+00	0.0000e+00
4.8000e+01	3.0400e+02	-6.3497e-01	-1.6541e+00	0.0000e+00	0.0000e+00
6.4000e+01	3.0400e+02	-7.2294e-01	-1.7770e+00	0.0000e+00	0.0000e+00
8.0000e+01	3.0400e+02	-9.0983e-01	-1.8917e+00	0.0000e+00	0.0000e+00
9.6000e+01	3.0400e+02	-1.1515e+00	-1.9276e+00	0.0000e+00	0.0000e+00
1.1200e+02	3.0400e+02	-1.5510e+00	-1.9654e+00	0.0000e+00	0.0000e+00
1.2800e+02	3.0400e+02	-1.8744e+00	-2.0334e+00	0.0000e+00	0.0000e+00
1.4400e+02	3.0400e+02	-2.4623e+00	-1.9130e+00	0.0000e+00	0.0000e+00
1.6000e+02	3.0400e+02	-3.0838e+00	-1.7800e+00	0.0000e+00	0.0000e+00
1.7600e+02	3.0400e+02	-3.8440e+00	-1.2267e+00	0.0000e+00	0.0000e+00
1.9200e+02	3.0400e+02	-4.2967e+00	-5.1058e-01	0.0000e+00	0.0000e+00
2.0800e+02	3.0400e+02	-4.5596e+00	9.1996e-01	0.0000e+00	0.0000e+00
2.2400e+02	3.0400e+02	-4.5100e+00	1.8785e+00	0.0000e+00	0.0000e+00
2.4000e+02	3.0400e+02	-3.7246e+00	2.3773e+00	0.0000e+00	0.0000e+00
2.5600e+02	3.0400e+02	-2.9603e+00	2.7279e+00	0.0000e+00	0.0000e+00
2.7200e+02	3.0400e+02	-2.2342e+00	2.6647e+00	0.0000e+00	0.0000e+00
2.8800e+02	3.0400e+02	-1.8405e+00	2.5177e+00	0.0000e+00	0.0000e+00
3.0400e+02	3.0400e+02	-1.4065e+00	2.3566e+00	0.0000e+00	0.0000e+00
3.2000e+02	3.0400e+02	-1.1308e+00	2.1649e+00	0.0000e+00	0.0000e+00
3.3600e+02	3.0400e+02	-9.6587e-01	1.9974e+00	0.0000e+00	0.0000e+00
3.5200e+02	3.0400e+02	-8.0868e-01	1.8583e+00	0.0000e+00	0.0000e+00
3.6800e+02	3.0400e+02	-7.0593e-01	1.7532e+00	0.0000e+00	0.0000e+00
3.8400e+02	3.0400e+02	-5.4572e-01	1.5978e+00	0.0000e+00	0.0000e+00
4.0000e+02	3.0400e+02	-4.7441e-01	1.4139e+00	0.0000e+00	0.0000e+00
4.1600e+02	3.0400e+02	-3.6737e-01	1.2529e+00	0.0000e+00	0.0000e+00
4.3200e+02	3.0400e+02	-3.1439e-01	1.1651e+00	0.0000e+00	0.0000e+00
4.4800e+02	3.0400e+02	-2.6775e-01	1.1706e+00	0.0000e+00	0.0000e+00
4.6400e+02	3.0400e+02	-2.4675e-01	1.1575e+00	0.0000e+00	0.0000e+00
4.8000e+02	3.0400e+02	-2.5912e-01	1.0754e+00	0.0000e+00	0.0000e+00
4.9600e+02	3.0400e+02	-2.3724e-01	1.0147e+00	0.0000e+00	0.0000e+00
1.6000e+01	3.2000e+02	-5.4794e-01	-1.2937e+00	0.0000e+00	0.0000e+00
3.2000e+01	3.2000e+02	-6.3747e-01	-1.3803e+00	0.0000e+00	0.0000e+00
4.8000e+01	3.2000e+02	-7.9644e-01	-1.4720e+00	0.0000e+00	0.0000e+00
6.4000e+01	3.2000e+02	-7.3420e-01	-1.5533e+00	0.0000e+00	0.0000e+00
8.0000e+01	3.2000e+02	-1.0173e+00	-1.6672e+00	0.0000e+00	0.0000e+00
9.6000e+01	3.2000e+02	-1.1822e+00	-1.6811e+00	0.0000e+00	0.0000e+00
1.1200e+02	3.2000e+02	-1.6187e+00	-1.6654e+00	0.0000e+00	0.0000e+00
1.2800e+02	3.2000e+02	-1.9136e+00	-1.6516e+00	0.0000e+00	0.0000e+00
1.4400e+02	3.2000e+02	-2.2918e+00	-1.5769e+00	0.0000e+00	0.0000e+00
1.6000e+02	3.2000e+02	-2.8201e+00	-1.2554e+00	0.0000e+00	0.0000e+00
1.7600e+02	3.2000e+02	-3.3089e+00	-8.4076e-01	0.0000e+00	0.0000e+00
1.9200e+02	3.2000e+02	-3.7516e+00	-2.6478e-01	0.0000e+00	0.0000e+00
2.0800e+02	3.2000e+02	-3.7946e+00	3.2170e-01	0.0000e+00	0.0000e+00
2.2400e+02	3.2000e+02	-3.5835e+00	1.0575e+00	0.0000e+00	0.0000e+00
2.4000e+02	3.2000e+02	-3.3271e+00	1.6640e+00	0.0000e+00	0.0000e+00
2.5600e+02	3.2000e+02	-2.8065e+00	1.9869e+00	0.0000e+00	0.0000e+00
2.7200e+02	3.2000e+02	-2.2398e+00	2.1067e+00	0.0000e+00	0.0000e+00
2.8800e+02	3.2000e+02	-1.9561e+00	2.1191e+00	0.0000e+00	0.0000e+00
3.0400e+02	3.2000e+02	-1.6282e+00	2.0651e+00	0.0000e+00	0.0000e+00
3.2000e+02	3.2000e+02	-1.2992e+00	1.9554e+00	0.0000e+00	0.0000e+00
3.3600e+02	3.2000e+02	-1.0893e+00	1.8674e+00	0.0000e+00	0.0000e+00
3.5200e+02	3.2000e+02	-8.7474e-01	1.7577e+00	0.0000e+00	0.0000e+00
3.6800e+02	3.2000e+02	-7.5932e-01	1.6631e+00	0.0000e+00	0.0000e+00
3.8400e+02	3.2000e+02	-7.0739e-01	1.4644e+00	0.0000e+00	0.0000e+00
4.0000e+02	3.2000e+02	-5.9433e-01	1.3109e+00	0.0000e+00	0.0000e+00
4.1600e+02	3.2000e+02	-5.1084e-01	1.3114e+00	0.0000e+00	0.0000e+00
4.3200e+02	3.2000e+02	-4.0850e-01	1.1447e+00	0.0000e+00	0.0000e+00
4.4800e+02	3.2000e+02	-3.8495e-01	1.1717e+00	0.0000e+00	0.0000e+00
4.6400e+02	3.2000e+02	-3.5061e-01	1.1538e+00	0.0000e+00	0.0000e+00
4.8000e+02	3.2000e+02	-2.8816e-01	1.0732e+00	0.0000e+00	0.0000e+00
4.9600e+02	3.2000e+02	-2.9132e-01	1.0287e+00	0.0000e+00	0.0000e+00
1.6000e+01	3.3600e+02	-5.9632e-01	-1.2171e+00	0.0000e+00	0.0000e+00
3.2000e+01	3.3600e+02	-6.9512e-01	-1.2653e+00	0.0000e+00	0.0000e+00
4.8000e+01	3.3600e+02	-8.0617e-01	-1.3325e+00	0.0000e+00	0.0000e+00
6.4000e+01	3.3600e+02	-9.1551e-01	-1.3333e+00	0.0000e+00	0.0000e+00
8.0000e+01	3.3600e+02	-1.0722e+00	-1.3710e+00	0.0000e+00	0.0000e+00
9.6000e+01	3.3600e+02	-1.2519e+00	-1.4415e+00	0.0000e+00	0.0000e+00
1.1200e+02	3.3600e+02	-1.5649e+00	-1.3980e+00	0.0000e+00	0.0000e+00
1.2800e+02	3.3600e+02	-1.8772e+00	-1.3425e+00	0.0000e+00	0.0000e+00
1.4400e+02	3.3600e+02	-2.1347e+00	-1.1810e+00	0.0000e+00	0.0000e+00
1.6000e+02	3.3600e+02	-2.5202e+00	-9.9777e-01	0.0000e+00	0.0000e+00
1.7600e+02	3.3600e+02	-2.9110e+00	-6.6182e-01	0.0000e+00	0.0000e+00
1.9200e+02	3.3600e+02	-3.0575e+00	-1.5313e-01	0.0000e+00	0.0000e+00
2.0800e+02	3.3600e+02	-3.2040e+00	3.4079e-01	0.0000e+00	0.0000e+00
2.2400e+02	3.3600e+02	-3.0949e+00	8.6544e-01	0.0000e+00	0.0000e+00
2.4000e+02	3.3600e+02	-2.8936e+00	1.2077e+00	0.0000e+00	0.0000e+00
2.5600e+02	3.3600e+02	-2.6211e+00	1.6187e+00	0.0000e+00	0.0000e+00
2.7200e+02	3.3600e+02	-2.2491e+00	1.7789e+00	0.0000e+00	0.0000e+00
2.8800e+02	3.3600e+02	-1.9528e+00	1.7942e+00	0.0000e+00	0.0000e+00
3.0400e+02	3.3600e+02	-1.6621e+00	1.7718e+00	0.0000e+00	0.0000e+00
3.2000e+02	3.3600e+02	-1.4223e+00	1.6981e+00	0.0000e+00	0.0000e+00
3.3600e+02	3.3600e+02	-1.1660e+00	1.6673e+00	0.0000e+00	0.0000e+00
3.5200e+02	3.3600e+02	-9.8952e-01	1.5877e+00	0.0000e+00	0.0000e+00
3.6800e+02	3.3600e+02	-8.9269e-01	1.4455e+00	0.0000e+00	0.0000e+00
3.8400e+02	3.3600e+02	-7.4996e-01	1.4109e+00	0.0000e+00	0.0000e+00
4.0000e+02	3.3600e+02	-6.4102e-01	1.3419e+00	0.0000e+00	0.0000e+00
4.1600e+02	3.3600e+02	-6.0537e-01	1.2736e+00	0.0000e+00	0.0000e+00
4.3200e+02	3.3600e+02	-5.4642e-01	1.1864e+00	0.0000e+00	0.0000e+00
4.4800e+02	3.3600e+02	-4.8950e-01	1.1538e+00	0.0000e+00	0.0000e+00
4.6400e+02	3.3600e+02	-4.3176e-01	1.1073e+00	0.0000e+00	0.0000e+00
4.8000e+02	3.3600e+02	-3.3679e-01	1.0362e+00	0.0000e+00	0.0000e+00
4.9600e+02	3.3600e+02	-3.1596e-01	1.0081e+00	0.0000e+00	0.0000e+00
1.6000e+01	3.5200e+02	-6.3493e-01	-1.0897e+00	0.0000e+00	0.0000e+00
3.2000e+01	3.5200e+02	-7.0867e-01	-1.1553e+00	0.0000e+00	0.0000e+00
4.8000e+01	3.5200e+02	-8.1884e-01	-1.2108e+00	0.0000e+00	0.0000e+00
6.4000e+01	3.5200e+02	-9.4490e-01	-1.2027e+00	0.0000e+00	0.0000e+00
8.0000e+01	3.5200e+02	-1.1004e+00	-1.1967e+00	0.0000e+00	0.0000e+00
9.6000e+01	3.5200e+02	-1.2798e+00	-1.1213e+00	0.0000e+00	0.0000e+00
1.1200e+02	3.5200e+02	-1.4792e+00	-1.0303e+00	0.0000e+00	0.0000e+00
1.2800e+02	3.5200e+02	-1.7398e+00	-1.0688e+00	0.0000e+00	0.0000e+00
1.4400e+02	3.5200e+02	-2.0014e+00	-9.3807e-01	0.0000e+00	0.0000e+00
1.6000e+02	3.5200e+02	-2.1639e+00	-8.3281e-01	0.0000e+00	0.0000e+00
1.7600e+02	3.5200e+02	-2.5199e+00	-4.7102e-01	0.0000e+00	0.0000e+00
1.9200e+02	3.5200e+02	-2.6986e+00	-1.3469e-01	0.0000e+00	0.0000e+00
2.0800e+02	3.5200e+02	-2.7719e+00	1.6001e-01	0.0000e+00	0.0000e+00
2.2400e+02	3.5200e+02	-2.7802e+00	6.6942e-01	0.0000e+00	0.0000e+00
2.4000e+02	3.5200e+02	-2.6210e+00	9.6628e-01	0.0000e+00	0.0000e+00
2.5600e+02	3.5200e+02	-2.3005e+00	1.1644e+00	0.0000e+00	0.0000e+00
2.7200e+02	3.5200e+02	-2.0675e+00	1.3078e+00	0.0000e+00	0.0000e+00
2.8800e+02	3.5200e+02	-1.9234e+00	1.4432e+00	0.0000e+00	0.0000e+00
3.0400e+02	3.5200e+02	-1.7416e+00	1.4744e+00	0.0000e+00	0.0000e+00
3.2000e+02	3.5200e+02	-1.4122e+00	1.5725e+00	0.0000e+00	0.0000e+00
3.3600e+02	3.5200e+02	-1.1999e+00	1.5152e+00	0.0000e+00	0.0000e+00
3.5200e+02	3.5200e+02	-1.0741e+00	1.4409e+00	0.0000e+00	0.0000e+00
3.6800e+02	3.5200e+02	-1.0139e+00	1.3723e+00	0.0000e+00	0.0000e+00
3.8400e+02	3.5200e+02	-8.6255e-01	1.3237e+00	0.0000e+00	0.0000e+00
4.0000e+02	3.5200e+02	-7.4972e-01	1.2344e+00	0.0000e+00	0.0000e+00
4.1600e+02	3.5200e+02	-6.5005e-01	1.1657e+00	0.0000e+00	0.0000e+00
4.3200e+02	3.5200e+02	-6.0578e-01	1.0851e+00	0.0000e+00	0.0000e+00
4.4800e+02	3.5200e+02	-5.4149e-01	1.0270e+00	0.0000e+00	0.0000e+00
4.6400e+02	3.5200e+02	-4.7070e-01	1.1084e+00	0.0000e+00	0.0000e+00
4.8000e+02	3.5200e+02	-3.8928e-01	1.0452e+00	0.0000e+00	0.0000e+00
4.9600e+02	3.5200e+02	-3.4375e-01	9.8935e-01	0.0000e+00	0.0000e+00
1.6000e+01	3.6800e+02	-6.7570e-01	-1.0160e+00	0.0000e+00	0.0000e+00
3.2000e+01	3.6800e+02	-7.5369e-01	-1.0370e+00	0.0000e+00	0.0000e+00
4.8000e+01	3.6800e+02	-8.5229e-01	-1.0727e+00	0.0000e+00	0.0000e+00
6.4000e+01	3.6800e+02	-9.4103e-01	-1.0939e+00	0.0000e+00	0.0000e+00
8.0000e+01	3.6800e+02	-1.1005e+00	-1.0724e+00	0.0000e+00	0.0000e+00
9.6000e+01	3.6800e+02	-1.2473e+00	-1.0064e+00	0.0000e+00	0.0000e+00
1.1200e+02	3.6800e+02	-1.3988e+00	-9.7381e-01	0.0000e+00	0.0000e+00
1.2800e+02	3.6800e+02	-1.6500e+00	-9.4253e-01	0.0000e+00	0.0000e+00
1.4400e+02	3.6800e+02	-1.8777e+00	-8.4914e-01	0.0000e+00	0.0000e+00
1.6000e+02	3.6800e+02	-2.0153e+00	-6.5050e-01	0.0000e+00	0.0000e+00
1.7600e+02	3.6800e+02	-2.1059e+00	-3.2042e-01	0.0000e+00	0.0000e+00
1.9200e+02	3.6800e+02	-2.2623e+00	-1.0663e-01	0.0000e+00	0.0000e+00
2.0800e+02	3.6800e+02	-2.3511e+00	1.5771e-01	0.0000e+00	0.0000e+00
2.2400e+02	3.6800e+02	-2.3469e+00	3.9366e-01	0.0000e+00	0.0000e+00
2.4000e+02	3.6800e+02	-2.2684e+00	7.3092e-01	0.0000e+00	0.0000e+00
2.5600e+02	3.6800e+02	-2.1406e+00	9.7202e-01	0.0000e+00	0.0000e+00
2.7200e+02	3.6800e+02	-1.9786e+00	1.1059e+00	0.0000e+00	0.0000e+00
2.8800e+02	3.6800e+02	-1.7930e+00	1.2089e+00	0.0000e+00	0.0000e+00
3.0400e+02	3.6800e+02	-1.6959e+00	1.2495e+00	0.0000e+00	0.0000e+00
3.2000e+02	3.6800e+02	-1.4669e+00	1.3252e+00	0.0000e+00	0.0000e+00
3.3600e+02	3.6800e+02	-1.2902e+00	1.3132e+00	0.0000e+00	0.0000e+00
3.5200e+02	3.6800e+02	-1.1096e+00	1.2780e+00	0.0000e+00	0.0000e+00
3.6800e+02	3.6800e+02	-9.8475e-01	1.2181e+00	0.0000e+00	0.0000e+00
3.8400e+02	3.6800e+02	-9.1176e-01	1.1891e+00	0.0000e+00	0.0000e+00
4.0000e+02	3.6800e+02	-8.0757e-01	1.1683e+00	0.0000e+00	0.0000e+00
4.1600e+02	3.6800e+02	-7.1396e-01	1.1219e+00	0.0000e+00	0.0000e+00
4.3200e+02	3.6800e+02	-6.5123e-01	1.0413e+00	0.0000e+00	0.0000e+00
4.4800e+02	3.6800e+02	-6.1103e-01	1.0029e+00	0.0000e+00	0.0000e+00
4.6400e+02	3.6800e+02	-5.1825e-01	1.0165e+00	0.0000e+00	0.0000e+00
4.8000e+02	3.6800e+02	-4.8353e-01	9.5096e-01	0.0000e+00	0.0000e+00
4.9600e+02	3.6800e+02	-4.4360e-01	8.8675e-01	0.0000e+00	0.0000e+00
1.6000e+01	3.8400e+02	-7.1035e-01	-9.5525e-01	0.0000e+00	0.0000e+00
3.2000e+01	3.8400e+02	-7.4320e-01	-9.5187e-01	0.0000e+00	0.0000e+00
4.8000e+01	3.8400e+02	-8.7385e-01	-9.6493e-01	0.0000e+00	0.0000e+00
6.4000e+01	3.8400e+02	-9.2826e-01	-9.8421e-01	0.0000e+00	0.0000e+00
8.0000e+01	3.8400e+02	-1.0583e+00	-9.7078e-01	0.0000e+00	0.0000e+00
9.6000e+01	3.8400e+02	-1.1796e+00	-9.6424e-01	0.0000e+00	0.0000e+00
1.1200e+02	3.8400e+02	-1.2996e+00	-9.2959e-01	0.0000e+00	0.0000e+00
1.2800e+02	3.8400e+02	-1.6254e+00	-7.7250e-01	0.0000e+00	0.0000e+00
1.4400e+02	3.8400e+02	-1.7365e+00	-6.5531e-01	0.0000e+00	0.0000e+00
1.6000e+02	3.8400e+02	-1.8045e+00	-4.5777e-01	0.0000e+00	0.0000e+00
1.7600e+02	3.8400e+02	-1.9471e+00	-2.6209e-01	0.0000e+00	0.0000e+00
1.9200e+02	3.8400e+02	-2.0491e+00	-1.1278e-01	0.0000e+00	0.0000e+00
2.0800e+02	3.8400e+02	-2.1004e+00	9.0089e-02	0.0000e+00	0.0000e+00
2.2400e+02	3.8400e+02	-2.0931e+00	3.2976e-01	0.0000e+00	0.0000e+00
2.4000e+02	3.8400e+02	-2.0426e+00	5.8307e-01	0.0000e+00	0.0000e+00
2.5600e+02	3.8400e+02	-1.9664e+00	7.7353e-01	0.0000e+00	0.0000e+00
2.7200e+02	3.8400e+02	-1.8769e+00	9.3444e-01	0.0000e+00	0.0000e+00
2.8800e+02	3.8400e+02	-1.6960e+00	1.0349e+00	0.0000e+00	0.0000e+00
3.0400e+02	3.8400e+02	-1.6349e+00	1.0914e+00	0.0000e+00	0.0000e+00
3.2000e+02	3.8400e+02	-1.3375e+00	1.1570e+00	0.0000e+00	0.0000e+00
3.3600e+02	3.8400e+02	-1.2519e+00	1.1706e+00	0.0000e+00	0.0000e+00
3.5200e+02	3.8400e+02	-1.0917e+00	1.1544e+00	0.0000e+00	0.0000e+00
3.6800e+02	3.8400e+02	-9.9825e-01	1.1278e+00	0.0000e+00	0.0000e+00
3.8400e+02	3.8400e+02	-9.4394e-01	1.1004e+00	0.0000e+00	0.0000e+00
4.0000e+02	3.8400e+02	-8.2457e-01	1.0608e+00	0.0000e+00	0.0000e+00
4.1600e+02	3.8400e+02	-7.6619e-01	1.0237e+00	0.0000e+00	0.0000e+00
4.3200e+02	3.8400e+02	-6.8900e-01	9.6467e-01	0.0000e+00	0.0000e+00
4.4800e+02	3.8400e+02	-6.6120e-01	9.4378e-01	0.0000e+00	0.0000e+00
4.6400e+02	3.8400e+02	-5.9353e-01	1.0264e+00	0.0000e+00	0.0000e+00
4.8000e+02	3.8400e+02	-5.1752e-01	9.9721e-01	0.0000e+00	0.0000e+00
4.9600e+02	3.8400e+02	-4.8930e-01	9.5286e-01	0.0000e+00	0.0000e+00
1.6000e+01	4.0000e+02	-7.0948e-01	-8.4183e-01	0.0000e+00	0.0000e+00
3.2000e+01	4.0000e+02	-7.3666e-01	-8.9922e-01	0.0000e+00	0.0000e+00
4.8000e+01	4.0000e+02	-8.6070e-01	-9.3147e-01	0.0000e+00	0.0000e+00
6.4000e+01	4.0000e+02	-9.1189e-01	-9.0450e-01	0.0000e+00	0.0000e+00
8.0000e+01	4.0000e+02	-1.0109e+00	-8.6765e-01	0.0000e+00	0.0000e+00
9.6000e+01	4.0000e+02	-1.1170e+00	-8.2630e-01	0.0000e+00	0.0000e+00
1.1200e+02	4.0000e+02	-1.2192e+00	-7.6278e-01	0.0000e+00	0.0000e+00
1.2800e+02	4.0000e+02	-1.4587e+00	-6.7072e-01	0.0000e+00	0.0000e+00
1.4400e+02	4.0000e+02	-1.5799e+00	-5.5734e-01	0.0000e+00	0.0000e+00
1.6000e+02	4.0000e+02	-1.7125e+00	-3.9928e-01	0.0000e+00	0.0000e+00
1.7600e+02	4.0000e+02	-1.8339e+00	-2.0715e-01	0.0000e+00	0.0000e+00
1.9200e+02	4.0000e+02	-1.8780e+00	-6.5263e-02	0.0000e+00	0.0000e+00
2.0800e+02	4.0000e+02	-1.9461e+00	5.0574e-02	0.0000e+00	0.0000e+00
2.2400e+02	4.0000e+02	-1.9285e+00	2.4003e-01	0.0000e+00	0.0000e+00
2.4000e+02	4.0000e+02	-1.8959e+00	4.6809e-01	0.0000e+00	0.0000e+00
2.5600e+02	4.0000e+02	-1.8644e+00	6.9079e-01	0.0000e+00	0.0000e+00
2.7200e+02	4.0000e+02	-1.7978e+00	7.6160e-01	0.0000e+00	0.0000e+00
2.8800e+02	4.0000e+02	-1.6060e+00	8.5650e-01	0.0000e+00	0.0000e+00
3.0400e+02	4.0000e+02	-1.5226e+00	9.5898e-01	0.0000e+00	0.0000e+00
3.2000e+02	4.0000e+02	-1.3103e+00	1.0527e+00	0.0000e+00	0.0000e+00
3.3600e+02	4.0000e+02	-1.2239e+00	1.0500e+00	0.0000e+00	0.0000e+00
3.5200e+02	4.0000e+02	-1.1102e+00	1.0204e+00	0.0000e+00	0.0000e+00
3.6800e+02	4.0000e+02	-1.0173e+00	1.0364e+00	0.0000e+00	0.0000e+00
3.8400e+02	4.0000e+02	-9.5108e-01	1.0214e+00	0.0000e+00	0.0000e+00
4.0000e+02	4.0000e+02	-8.3248e-01	1.0043e+00	0.0000e+00	0.0000e+00
4.1600e+02	4.0000e+02	-7.8388e-01	9.9608e-01	0.0000e+00	0.0000e+00
4.3200e+02	4.0000e+02	-7.3849e-01	9.5294e-01	0.0000e+00	0.0000e+00
4.4800e+02	4.0000e+02	-6.8528e-01	9.3001e-01	0.0000e+00	0.0000e+00
4.6400e+02	4.0000e+02	-6.3493e-01	9.4907e-01	0.0000e+00	0.0000e+00
4.8000e+02	4.0000e+02	-5.4111e-01	9.0210e-01	0.0000e+00	0.0000e+00
4.9600e+02	4.0000e+02	-5.0568e-01	8.5309e-01	0.0000e+00	0.0000e+00
1.6000e+01	4.1600e+02	-6.9246e-01	-8.3533e-01	0.0000e+00	0.0000e+00
3.2000e+01	4.1600e+02	-7.4835e-01	-8.3194e-01	0.0000e+00	0.0000e+00
4.8000e+01	4.1600e+02	-8.5457e-01	-8.5891e-01	0.0000e+00	0.0000e+00
6.4000e+01	4.1600e+02	-9.3835e-01	-8.5370e-01	0.0000e+00	0.0000e+00
8.0000e+01	4.1600e+02	-9.8610e-01	-8.0757e-01	0.0000e+00	0.0000e+00
9.6000e+01	4.1600e+02	-1.0689e+00	-7.5272e-01	0.0000e+00	0.0000e+00
1.1200e+02	4.1600e+02	-1.1758e+00	-6.7116e-01	0.0000e+00	0.0000e+00
1.2800e+02	4.1600e+02	-1.2511e+00	-6.1317e-01	0.0000e+00	0.0000e+00
1.4400e+02	4.1600e+02	-1.5072e+00	-4.0095e-01	0.0000e+00	0.0000e+00
1.6000e+02	4.1600e+02	-1.5506e+00	-2.6380e-01	0.0000e+00	0.0000e+00
1.7600e+02	4.1600e+02	-1.7214e+00	-1.7242e-01	0.0000e+00	0.0000e+00
1.9200e+02	4.1600e+02	-1.7619e+00	-7.1193e-02	0.0000e+00	0.0000e+00
2.0800e+02	4.1600e+02	-1.7613e+00	4.2886e-02	0.0000e+00	0.0000e+00
2.2400e+02	4.1600e+02	-1.7360e+00	2.2756e-01	0.0000e+00	0.0000e+00
2.4000e+02	4.1600e+02	-1.7362e+00	3.7389e-01	0.0000e+00	0.0000e+00
2.5600e+02	4.1600e+02	-1.7495e+00	5.3928e-01	0.0000e+00	0.0000e+00
2.7200e+02	4.1600e+02	-1.6489e+00	6.3616e-01	0.0000e+00	0.0000e+00
2.8800e+02	4.1600e+02	-1.5002e+00	6.8904e-01	0.0000e+00	0.0000e+00
3.0400e+02	4.1600e+02	-1.3582e+00	8.5867e-01	0.0000e+00	0.0000e+00
3.2000e+02	4.1600e+02	-1.2643e+00	9.1223e-01	0.0000e+00	0.0000e+00
3.3600e+02	4.1600e+02	-1.2107e+00	9.0808e-01	0.0000e+00	0.0000e+00
3.5200e+02	4.1600e+02	-1.0886e+00	9.0259e-01	0.0000e+00	0.0000e+00
3.6800e+02	4.1600e+02	-1.0080e+00	9.3515e-01	0.0000e+00	0.0000e+00
3.8400e+02	4.1600e+02	-9.5908e-01	9.4815e-01	0.0000e+00	0.0000e+00
4.0000e+02	4.1600e+02	-8.7699e-01	9.5644e-01	0.0000e+00	0.0000e+00
4.1600e+02	4.1600e+02	-8.1655e-01	9.5439e-01	0.0000e+00	0.0000e+00
4.3200e+02	4.1600e+02	-7.6840e-01	9.2845e-01	0.0000e+00	0.0000e+00
4.4800e+02	4.1600e+02	-7.0900e-01	8.9990e-01	0.0000e+00	0.0000e+00
4.6400e+02	4.1600e+02	-6.6827e-01	9.0314e-01	0.0000e+00	0.0000e+00
4.8000e+02	4.1600e+02	-5.7596e-01	8.9104e-01	0.0000e+00	0.0000e+00
4.9600e+02	4.1600e+02	-5.2930e-01	8.5872e-01	0.0000e+00	0.0000e+00
1.6000e+01	4.3200e+02	-7.1343e-01	-8.2451e-01	0.0000e+00	0.0000e+00
3.2000e+01	4.3200e+02	-7.4304e-01	-7.9158e-01	0.0000e+00	0.0000e+00
4.8000e+01	4.3200e+02	-8.5328e-01	-7.8443e-01	0.0000e+00	0.0000e+00
6.4000e+01	4.3200e+02	-8.9229e-01	-7.6337e-01	0.0000e+00	0.0000e+00
8.0000e+01	4.3200e+02	-1.0022e+00	-7.0285e-01	0.0000e+00	0.0000e+00
9.6000e+01	4.3200e+02	-1.0208e+00	-6.5045e-01	0.0000e+00	0.0000e+00
1.1200e+02	4.3200e+02	-1.1510e+00	-5.5817e-01	0.0000e+00	0.0000e+00
1.2800e+02	4.3200e+02	-1.2075e+00	-5.0602e-01	0.0000e+00	0.0000e+00
1.4400e+02	4.3200e+02	-1.3439e+00	-4.2954e-01	0.0000e+00	0.0000e+00
1.6000e+02	4.3200e+02	-1.3932e+00	-2.8267e-01	0.0000e+00	0.0000e+00
1.7600e+02	4.3200e+02	-1.5155e+00	-2.0731e-01	0.0000e+00	0.0000e+00
1.9200e+02	4.3200e+02	-1.5996e+00	-9.2539e-02	0.0000e+00	0.0000e+00
2.0800e+02	4.3200e+02	-1.5921e+00	6.3449e-02	0.0000e+00	0.0000e+00
2.2400e+02	4.3200e+02	-1.6363e+00	1.8343e-01	0.0000e+00	0.0000e+00
2.4000e+02	4.3200e+02	-1.6143e+00	2.8482e-01	0.0000e+00	0.0000e+00
2.5600e+02	4.3200e+02	-1.5523e+00	4.0508e-01	0.0000e+00	0.0000e+00
2.7200e+02	4.3200e+02	-1.3933e+00	4.8210e-01	0.0000e+00	0.0000e+00
2.8800e+02	4.3200e+02	-1.4294e+00	5.8639e-01	0.0000e+00	0.0000e+00
3.0400e+02	4.3200e+02	-1.3162e+00	7.0977e-01	0.0000e+00	0.0000e+00
3.2000e+02	4.3200e+02	-1.2157e+00	8.1305e-01	0.0000e+00	0.0000e+00
3.3600e+02	4.3200e+02	-1.1863e+00	8.2712e-01	0.0000e+00	0.0000e+00
3.5200e+02	4.3200e+02	-1.0523e+00	8.7052e-01	0.0000e+00	0.0000e+00
3.6800e+02	4.3200e+02	-1.0055e+00	8.9320e-01	0.0000e+00	0.0000e+00
3.8400e+02	4.3200e+02	-9.4081e-01	8.8768e-01	0.0000e+00	0.0000e+00
4.0000e+02	4.3200e+02	-8.8005e-01	9.0279e-01	0.0000e+00	0.0000e+00
4.1600e+02	4.3200e+02	-8.2035e-01	9.0855e-01	0.0000e+00	0.0000e+00
4.3200e+02	4.3200e+02	-7.4661e-01	8.8734e-01	0.0000e+00	0.0000e+00
4.4800e+02	4.3200e+02	-7.2428e-01	8.4775e-01	0.0000e+00	0.0000e+00
4.6400e+02	4.3200e+02	-6.5339e-01	8.3098e-01	0.0000e+00	0.0000e+00
4.8000e+02	4.3200e+02	-6.0446e-01	8.1709e-01	0.0000e+00	0.0000e+00
4.9600e+02	4.3200e+02	-5.4696e-01	7.9194e-01	0.0000e+00	0.0000e+00
1.6000e+01	4.4800e+02	-7.1927e-01	-7.2219e-01	0.0000e+00	0.0000e+00
3.2000e+01	4.4800e+02	-7.3446e-01	-6.9779e-01	0.0000e+00	0.0000e+00
4.8000e+01	4.4800e+02	-8.0805e-01	-6.9241e-01	0.0000e+00	0.0000e+00
6.4000e+01	4.4800e+02	-8.4056e-01	-6.7484e-01	0.0000e+00	0.0000e+00
8.0000e+01	4.4800e+02	-1.0130e+00	-6.6227e-01	0.0000e+00	0.0000e+00
9.6000e+01	4.4800e+02	-1.0129e+00	-6.2316e-01	0.0000e+00	0.0000e+00
1.1200e+02	4.4800e+02	-1.0944e+00	-5.0204e-01	0.0000e+00	0.0000e+00
1.2800e+02	4.4800e+02	-1.1402e+00	-3.9751e-01	0.0000e+00	0.0000e+00
1.4400e+02	4.4800e+02	-1.2123e+00	-3.1180e-01	0.0000e+00	0.0000e+00
1.6000e+02	4.4800e+02	-1.2849e+00	-2.1364e-01	0.0000e+00	0.0000e+00
1.7600e+02	4.4800e+02	-1.3153e+00	-1.3532e-01	0.0000e+00	0.0000e+00
1.9200e+02	4.4800e+02	-1.3788e+00	-6.9346e-02	0.0000e+00	0.0000e+00
2.0800e+02	4.4800e+02	-1.4020e+00	2.4856e-02	0.0000e+00	0.0000e+00
2.2400e+02	4.4800e+02	-1.4739e+00	1.2687e-01	0.0000e+00	0.0000e+00
2.4000e+02	4.4800e+02	-1.4796e+00	2.5257e-01	0.0000e+00	0.0000e+00
2.5600e+02	4.4800e+02	-1.4225e+00	3.8401e-01	0.0000e+00	0.0000e+00
2.7200e+02	4.4800e+02	-1.3320e+00	4.2003e-01	0.0000e+00	0.0000e+00
2.8800e+02	4.4800e+02	-1.2428e+00	4.8822e-01	0.0000e+00	0.0000e+00
3.0400e+02	4.4800e+02	-1.2878e+00	6.0608e-01	0.0000e+00	0.0000e+00
3.2000e+02	4.4800e+02	-1.1694e+00	7.2064e-01	0.0000e+00	0.0000e+00
3.3600e+02	4.4800e+02	-1.1465e+00	7.6198e-01	0.0000e+00	0.0000e+00
3.5200e+02	4.4800e+02	-1.0493e+00	8.0477e-01	0.0000e+00	0.0000e+00
3.6800e+02	4.4800e+02	-9.6715e-01	7.9728e-01	0.0000e+00	0.0000e+00
3.8400e+02	4.4800e+02	-9.2183e-01	8.0072e-01	0.0000e+00	0.0000e+00
4.0000e+02	4.4800e+02	-8.8530e-01	8.2748e-01	0.0000e+00	0.0000e+00
4.1600e+02	4.4800e+02	-7.9428e-01	8.1064e-01	0.0000e+00	0.0000e+00
4.3200e+02	4.4800e+02	-7.5630e-01	8.6028e-01	0.0000e+00	0.0000e+00
4.4800e+02	4.4800e+02	-7.4423e-01	8.7309e-01	0.0000e+00	0.0000e+00
4.6400e+02	4.4800e+02	-6.6004e-01	8.3071e-01	0.0000e+00	0.0000e+00
4.8000e+02	4.4800e+02	-6.1118e-01	7.8862e-01	0.0000e+00	0.0000e+00
4.9600e+02	4.4800e+02	-5.7931e-01	8.0553e-01	0.0000e+00	0.0000e+00
1.6000e+01	4.6400e+02	-6.9432e-01	-6.9474e-01	0.0000e+00	0.0000e+00
3.2000e+01	4.6400e+02	-7.2466e-01	-6.6341e-01	0.0000e+00	0.0000e+00
4.8000e+01	4.6400e+02	-7.6164e-01	-6.1647e-01	0.0000e+00	0.0000e+00
6.4000e+01	4.6400e+02	-7.9848e-01	-5.5168e-01	0.0000e+00	0.0000e+00
8.0000e+01	4.6400e+02	-9.3995e-01	-5.4427e-01	0.0000e+00	0.0000e+00
9.6000e+01	4.6400e+02	-1.0040e+00	-5.1405e-01	0.0000e+00	0.0000e+00
1.1200e+02	4.6400e+02	-1.0416e+00	-4.0466e-01	0.0000e+00	0.0000e+00
1.2800e+02	4.6400e+02	-1.0418e+00	-3.4134e-01	0.0000e+00	0.0000e+00
1.4400e+02	4.6400e+02	-1.1115e+00	-2.8386e-01	0.0000e+00	0.0000e+00
1.6000e+02	4.6400e+02	-1.1728e+00	-2.0752e-01	0.0000e+00	0.0000e+00
1.7600e+02	4.6400e+02	-1.2234e+00	-1.1761e-01	0.0000e+00	0.0000e+00
1.9200e+02	4.6400e+02	-1.2901e+00	-6.5469e-02	0.0000e+00	0.0000e+00
2.0800e+02	4.6400e+02	-1.2959e+00	9.1213e-03	0.0000e+00	0.0000e+00
2.2400e+02	4.6400e+02	-1.3357e+00	1.1871e-01	0.0000e+00	0.0000e+00
2.4000e+02	4.6400e+02	-1.3068e+00	1.9395e-01	0.0000e+00	0.0000e+00
2.5600e+02	4.6400e+02	-1.2843e+00	2.6207e-01	0.0000e+00	0.0000e+00
2.7200e+02	4.6400e+02	-1.2283e+00	3.4720e-01	0.0000e+00	0.0000e+00
2.8800e+02	4.6400e+02	-1.1863e+00	4.8866e-01	0.0000e+00	0.0000e+00
3.0400e+02	4.6400e+02	-1.2049e+00	5.1364e-01	0.0000e+00	0.0000e+00
3.2000e+02	4.6400e+02	-1.1291e+00	6.0343e-01	0.0000e+00	0.0000e+00
3.3600e+02	4.6400e+02	-1.1015e+00	6.7945e-01	0.0000e+00	0.0000e+00
3.5200e+02	4.6400e+02	-1.0447e+00	7.2304e-01	0.0000e+00	0.0000e+00
3.6800e+02	4.6400e+02	-9.6817e-01	7.3131e-01	0.0000e+00	0.0000e+00
3.8400e+02	4.6400e+02	-9.4846e-01	7.6829e-01	0.0000e+00	0.0000e+00
4.0000e+02	4.6400e+02	-8.9285e-01	7.9368e-01	0.0000e+00	0.0000e+00
4.1600e+02	4.6400e+02	-7.9508e-01	7.7493e-01	0.0000e+00	0.0000e+00
4.3200e+02	4.6400e+02	-8.0535e-01	7.6450e-01	0.0000e+00	0.0000e+00
4.4800e+02	4.6400e+02	-7.4695e-01	7.6160e-01	0.0000e+00	0.0000e+00
4.6400e+02	4.6400e+02	-6.8650e-01	7.2261e-01	0.0000e+00	0.0000e+00
4.8000e+02	4.6400e+02	-6.2275e-01	7.1687e-01	0.0000e+00	0.0000e+00
4.9600e+02	4.6400e+02	-6.1669e-01	7.5627e-01	0.0000e+00	0.0000e+00
1.6000e+01	4.8000e+02	-6.3274e-01	-6.3345e-01	0.0000e+00	0.0000e+00
3.2000e+01	4.8000e+02	-7.1958e-01	-5.9570e-01	0.0000e+00	0.0000e+00
4.8000e+01	4.8000e+02	-7.3778e-01	-5.5705e-01	0.0000e+00	0.0000e+00
6.4000e+01	4.8000e+02	-8.1261e-01	-5.3472e-01	0.0000e+00	0.0000e+00
8.0000e+01	4.8000e+02	-8.6065e-01	-5.1092e-01	0.0000e+00	0.0000e+00
9.6000e+01	4.8000e+02	-8.9169e-01	-4.4398e-01	0.0000e+00	0.0000e+00
1.1200e+02	4.8000e+02	-9.6816e-01	-3.8332e-01	0.0000e+00	0.0000e+00
1.2800e+02	4.8000e+02	-9.7973e-01	-3.1295e-01	0.0000e+00	0.0000e+00
1.4400e+02	4.8000e+02	-1.0443e+00	-2.5238e-01	0.0000e+00	0.0000e+00
1.6000e+02	4.8000e+02	-1.0584e+00	-1.9673e-01	0.0000e+00	0.0000e+00
1.7600e+02	4.8000e+02	-1.1250e+00	-1.2348e-01	0.0000e+00	0.0000e+00
1.9200e+02	4.8000e+02	-1.1679e+00	-5.2324e-02	0.0000e+00	0.0000e+00
2.0800e+02	4.8000e+02	-1.1867e+00	8.5604e-03	0.0000e+00	0.0000e+00
2.2400e+02	4.8000e+02	-1.2269e+00	5.8176e-02	0.0000e+00	0.0000e+00
2.4000e+02	4.8000e+02	-1.1734e+00	1.2680e-01	0.0000e+00	0.0000e+00
2.5600e+02	4.8000e+02	-1.1991e+00	1.9499e-01	0.0000e+00	0.0000e+00
2.7200e+02	4.8000e+02	-1.1525e+00	2.8337e-01	0.0000e+00	0.0000e+00
2.8800e+02	4.8000e+02	-1.1635e+00	4.0021e-01	0.0000e+00	0.0000e+00
3.0400e+02	4.8000e+02	-1.0799e+00	4.2908e-01	0.0000e+00	0.0000e+00
3.2000e+02	4.8000e+02	-1.0672e+00	5.0400e-01	0.0000e+00	0.0000e+00
3.3600e+02	4.8000e+02	-1.0396e+00	6.0218e-01	0.0000e+00	0.0000e+00
3.5200e+02	4.8000e+02	-9.8968e-01	6.3871e-01	0.0000e+00	0.0000e+00
3.6800e+02	4.8000e+02	-9.2321e-01	6.8559e-01	0.0000e+00	0.0000e+00
3.8400e+02	4.8000e+02	-9.0288e-01	7.0241e-01	0.0000e+00	0.0000e+00
4.0000e+02	4.8000e+02	-8.8880e-01	7.1561e-01	0.0000e+00	0.0000e+00
4.1600e+02	4.8000e+02	-8.0355e-01	7.0879e-01	0.0000e+00	0.0000e+00
4.3200e+02	4.8000e+02	-8.0195e-01	7.2842e-01	0.0000e+00	0.0000e+00
4.4800e+02	4.8000e+02	-7.2454e-01	7.2045e-01	0.0000e+00	0.0000e+00
4.6400e+02	4.8000e+02	-7.0838e-01	7.2759e-01	0.0000e+00	0.0000e+00
4.8000e+02	4.8000e+02	-6.3260e-01	7.3847e-01	0.0000e+00	0.0000e+00
4.9600e+02	4.8000e+02	-6.2353e-01	7.0568e-01	0.0000e+00	0.0000e+00
1.6000e+01	4.9600e+02	-6.0004e-01	-5.4249e-01	0.0000e+00	0.0000e+00
3.2000e+01	4.9600e+02	-7.3597e-01	-5.6055e-01	0.0000e+00	0.0000e+00
4.8000e+01	4.9600e+02	-7.3996e-01	-5.3708e-01	0.0000e+00	0.0000e+00
6.4000e+01	4.9600e+02	-8.0034e-01	-4.9454e-01	0.0000e+00	0.0000e+00
8.0000e+01	4.9600e+02	-8.6136e-01	-4.6684e-01	0.0000e+00	0.0000e+00
9.6000e+01	4.9600e+02	-9.1355e-01	-4.0879e-01	0.0000e+00	0.0000e+00
1.1200e+02	4.9600e+02	-9.3329e-01	-3.3859e-01	0.0000e+00	0.0000e+00
1.2800e+02	4.9600e+02	-9.7827e-01	-2.8873e-01	0.0000e+00	0.0000e+00
1.4400e+02	4.9600e+02	-1.0295e+00	-2.2305e-01	0.0000e+00	0.0000e+00
1.6000e+02	4.9600e+02	-1.0155e+00	-1.6852e-01	0.0000e+00	0.0000e+00
1.7600e+02	4.9600e+02	-1.1006e+00	-1.2444e-01	0.0000e+00	0.0000e+00
1.9200e+02	4.9600e+02	-1.1029e+00	-5.5453e-02	0.0000e+00	0.0000e+00
2.0800e+02	4.9600e+02	-1.1287e+00	1.9824e-02	0.0000e+00	0.0000e+00
2.2400e+02	4.9600e+02	-1.1688e+00	7.1167e-02	0.0000e+00	0.0000e+00
2.4000e+02	4.9600e+02	-1.1362e+00	1.1449e-01	0.0000e+00	0.0000e+00
2.5600e+02	4.9600e+02	-1.1300e+00	1.5995e-01	0.0000e+00	0.0000e+00
2.7200e+02	4.9600e+02	-1.1122e+00	2.4951e-01	0.0000e+00	0.0000e+00
2.8800e+02	4.9600e+02	-1.1362e+00	3.4492e-01	0.0000e+00	0.0000e+00
3.0400e+02	4.9600e+02	-1.0531e+00	3.8646e-01	0.0000e+00	0.0000e+00
3.2000e+02	4.9600e+02	-1.0928e+00	4.6185e-01	0.0000e+00	0.0000e+00
3.3600e+02	4.9600e+02	-9.5406e-01	5.2356e-01	0.0000e+00	0.0000e+00
3.5200e+02	4.9600e+02	-9.8316e-01	5.5148e-01	0.0000e+00	0.0000e+00
3.6800e+02	4.9600e+02	-8.9861e-01	5.8968e-01	0.0000e+00	0.0000e+00
3.8400e+02	4.9600e+02	-8.7708e-01	6.5406e-01	0.0000e+00	0.0000e+00
4.0000e+02	4.9600e+02	-8.6837e-01	6.9160e-01	0.0000e+00	0.0000e+00
4.1600e+02	4.9600e+02	-7.8514e-01	6.7800e-01	0.0000e+00	0.0000e+00
4.3200e+02	4.9600e+02	-7.6312e-01	6.3709e-01	0.0000e+00	0.0000e+00
4.4800e+02	4.9600e+02	-7.0864e-01	6.2939e-01	0.0000e+00	0.0000e+00
4.6400e+02	4.9600e+02	-7.3252e-01	6.8768e-01	0.0000e+00	0.0000e+00
4.8000e+02	4.9600e+02	-6.2711e-01	6.5280e-01	0.0000e+00	0.0000e+00
4.9600e+02	4.9600e+02	-5.9765e-01	6.1281e-01	0.0000e+00	0.0000e+00
